0.0
18.75
62.5
0.0
30.0
0.0
15.3846153846
37.5
5.0
9.67741935484
0.0
37.5
15.3846153846
0.0
0.0
16.6666666667
14.2857142857
0.0
0.0
20.5882352941
14.2857142857
30.0
18.1818181818
27.2727272727
15.0
0.0
16.6666666667
0.0
0.0
50.0
0.0
0.0
0.0
0.0
42.8571428571
0.0
37.5
26.0869565217
13.3333333333
6.66666666667
0.0
34.6153846154
0.0
0.0
0.0
0.0
0.0
0.0
0.0
33.3333333333
0.0
0.0
0.0
0.0
0
25.0
0.0
-8.33333333333
12.5
37.5
14.2857142857
11.5384615385
0.0
5.55555555556
18.75
41.6666666667
44.4444444444
8.33333333333
19.2307692308
6.25
0.0
50.0
37.5
0.0
0.0
0.0
0.0
0.0
17.6470588235
0.0
0.0
0.0
13.3333333333
28.5714285714
8.33333333333
0.0
33.9285714286
8.62068965517
36.6666666667
-1400.0
20.8333333333
0.0
11.7647058824
16.6666666667
12.5
0.0
21.4285714286
6.89655172414
0.0
0.0
21.4285714286
0.0
15.0
0.0
15.0
0.0
0.0
0.0
30.0
0.0
0.0
7.14285714286
4.54545454545
26.5625
0.0
6.52173913043
25.0
0.0
0.0
27.2727272727
0.0
12.5
0.0
7.14285714286
0.0
12.5
10.7142857143
0.0
1.61290322581
21.4285714286
0.0
33.3333333333
50.0
0.0
43.75
11.7647058824
0.0
0.0
12.5
12.5
37.5
12.5
36.3636363636
6.25
9.09090909091
12.5
29.4117647059
21.4285714286
56.25
25.0
0.0
0.0
35.0
0.0
28.5714285714
-50.0
18.4210526316
21.875
0.0
19.2307692308
0.0
36.3636363636
17.8571428571
13.3333333333
22.7272727273
23.8095238095
0.0
0.0
32.5
8.82352941176
33.3333333333
16.1764705882
0.0
0.0
0.0
0.0
12.5
32.0
0.0
16.6666666667
10.0
0.0
0.0
18.75
10.7142857143
27.5
22.7272727273
2.27272727273
0.0
0.0
40.9090909091
34.6153846154
0.0
0.0
0.0
0.0
6.25
16.6666666667
26.6666666667
0.0
0.0
40.625
0.0
21.4285714286
37.5
30.0
6.52173913043
23.9130434783
0.0
35.7142857143
35.0
25.0
0.0
0.0
10.0
20.0
10.7142857143
0.0
5.76923076923
0.0
0.0
37.5
12.5
0.0
0.0
0.0
0.0
12.5
0.0
27.7777777778
27.2727272727
23.5294117647
9.375
29.1666666667
0.0
0.0
0.0
0.0
15.625
7.5
20.8333333333
40.0
0.0
26.0
0.0
0.0
8.82352941176
0.0
35.2941176471
38.0952380952
37.5
10.0
25.0
45.0
0.0
25.0
30.0
0.0
21.4285714286
14.2857142857
0.0
40.0
25.0
0.0
0.0
0.0
0.0
25.0
0.0
26.0869565217
44.4444444444
6.52173913043
25.0
31.8181818182
25.0
13.3333333333
25.0
0.0
0.0
0.0
0
2.94117647059
23.5294117647
15.625
47.3684210526
0.0
0.0
8.33333333333
0.0
0.0
28.5714285714
0.0
7.14285714286
0.0
0.0
0.0
14.2857142857
0.0
7.5
0
25.0
31.25
0.0
6.81818181818
0.0
37.5
0.0
0.0
25.0
41.6666666667
0.0
0.0
0.0
0.0
0.0
16.6666666667
29.4117647059
0.0
0.0
28.5714285714
5.88235294118
27.7777777778
0.0
0.0
30.0
-13.6363636364
0.0
0.0
0.0
8.33333333333
0.0
2.77777777778
41.0714285714
0.0
0.0
0.0
40.0
0.0
34.6153846154
0.0
0.0
11.5384615385
0.0
32.3529411765
0.0
0.0
0.0
0.0
-5.55555555556
0.0
0.0
0.0
0.0
0.0
66.6666666667
0.0
18.1818181818
0.0
18.75
0.0
26.9230769231
0.0
33.3333333333
41.6666666667
10.0
8.33333333333
3.57142857143
20.0
0.0
24.0740740741
16.6666666667
0.0
0.0
23.6842105263
8.33333333333
20.0
0.0
26.9230769231
0.0
43.75
0.0
20.0
30.0
11.5384615385
20.8333333333
41.6666666667
0.0
0.0
20.4545454545
35.7142857143
16.6666666667
15.0
0.0
0.0
10.0
37.5
0
0.0
0.0
40.9090909091
18.75
10.0
0.0
21.4285714286
0.0
50.0
16.6666666667
25.0
40.0
6.81818181818
2.77777777778
22.2222222222
11.1111111111
0.0
8.33333333333
0.0
33.3333333333
0.0
0.0
0.0
29.4117647059
0.0
0.0
0.0
5.0
13.1578947368
25.5102040816
17.1428571429
0.0
16.6666666667
0.0
40.9090909091
10.0
25.0
0.0
12.5
14.2857142857
0.0
33.3333333333
37.5
0.0
0.0
0.0
22.2222222222
0.0
31.8181818182
35.0
22.9166666667
13.6363636364
16.6666666667
2.63157894737
18.75
11.7647058824
0.0
0.0
11.1111111111
26.1904761905
0.0
30.303030303
21.4285714286
15.0684931507
0.0
31.8181818182
28.5714285714
0.0
0.0
0.0
33.3333333333
12.5
0.0
0.0
0
0.0
7.69230769231
0.0
0.0
0.0
0.0
0.0
29.1666666667
14.2857142857
24.0740740741
39.4736842105
0.0
38.8888888889
37.5
13.6363636364
0.0
0.0
0.0
0.0
37.5
25.0
0.0
25.0
0.0
17.5
16.6666666667
15.9090909091
21.4285714286
0.0
0.0
0.0
13.6363636364
25.0
32.5
22.5806451613
42.6470588235
25.0
0
29.1666666667
35.0
0.0
0.0
50.0
0.0
35.0
0.0
0.0
0.0
23.0769230769
11.5384615385
11.3636363636
0.0
23.9130434783
0.0
14.2857142857
15.0
0.0
0.0
0.0
0.0
32.6923076923
11.7647058824
0.0
21.4285714286
-12.5
0.0
38.2352941176
0.0
5.88235294118
31.4285714286
31.25
0.0
0.0
0.0
15.0
25.0
5.55555555556
0.0
0.0
0.0
25.0
0.0
33.3333333333
42.8571428571
0.0
0.0
0.0
33.3333333333
0.0
36.1111111111
2.38095238095
0.0
3.84615384615
21.4285714286
0.0
30.0
0.0
0.0
0.0
6.25
0.0
0.0
0.0
0.0
0.0
5.1724137931
35.7142857143
0.0
0.0
0.0
-50.0
12.5
18.75
0.0
0.0
0.0
36.3636363636
0.0
10.7142857143
5.0
19.2307692308
0.0
6.52173913043
45.8333333333
0.0
0.0
30.0
9.375
0.0
14.2857142857
36.3636363636
12.5
0.0
0.0
0.0
20.8333333333
0.0
0.0
0.0
0.0
0.0
12.5
30.7692307692
0.0
0.0
0.0
0.0
0.0
7.14285714286
0.0
30.0
0.0
0.0
7.69230769231
25.0
25.0
0.0
14.7058823529
0.0
33.3333333333
13.6363636364
36.6666666667
41.6666666667
0.0
48.0769230769
20.8333333333
37.5
0.0
0.0
33.3333333333
11.5384615385
0.0
25.0
0.0
0.0
18.1818181818
9.375
41.6666666667
16.6666666667
7.14285714286
0.0
0.0
-127.777777778
16.6666666667
18.75
0.0
33.3333333333
15.0
37.5
0
-16.6666666667
14.2857142857
0.0
0.0
0.0
0.0
0.0
0.0
4.0
0.0
38.8888888889
38.2352941176
11.5384615385
20.0
0.0
44.1176470588
0.0
30.0
0.0
11.1111111111
0.0
0.0
41.6666666667
21.4285714286
0
0.0
0.0
0.0
0.0
40.0
16.6666666667
0.0
0.0
0.0
0.0
0
7.5
38.4615384615
28.5714285714
0.0
0.0
0.0
25.0
0.0
10.8695652174
20.0
0.0
0.0
29.1666666667
19.4444444444
21.4285714286
28.5714285714
0.0
50.0
0
25.0
28.5714285714
0.0
18.75
33.3333333333
23.0769230769
0.0
38.4615384615
0.0
0.0
2.77777777778
50.0
42.8571428571
0.0
28.9473684211
0.0
35.7142857143
37.5
50.0
0.0
13.6363636364
11.1111111111
0.0
0.0
29.4117647059
35.7142857143
0.0
0.0
15.9090909091
37.5
18.75
16.6666666667
33.3333333333
15.3846153846
33.3333333333
42.8571428571
2.27272727273
0.0
14.2857142857
0.0
0.0
0.0
0.0
30.0
16.6666666667
7.14285714286
0.0
30.0
0.0
10.0
5.55555555556
8.33333333333
0.0
26.1904761905
55.0
0.0
33.3333333333
0.0
23.3333333333
0.0
33.3333333333
4.54545454545
11.1111111111
37.5
0.0
33.3333333333
6.81818181818
37.5
10.0
31.6666666667
31.25
10.0
18.1818181818
0.0
21.4285714286
33.3333333333
0.0
13.6363636364
-50.0
9.09090909091
0.0
0.0
18.75
30.0
25.0
0.0
46.875
0.0
11.3636363636
9.375
27.2727272727
0.0
0.0
0.0
0.0
19.3548387097
37.5
37.5
0.0
0.0
21.4285714286
0.0
0.0
0.0
0.0
0.0
0.0
50.0
31.25
0
0.0
38.8888888889
12.5
2.38095238095
10.0
10.6060606061
0.0
0.0
0.0
35.7142857143
0.0
0.0
6.0
0.0
33.3333333333
27.7777777778
13.6363636364
2.5
0.0
0.0
0.0
11.5384615385
37.5
0.0
0.0
0.0
0.0
20.0
0.0
27.2727272727
0.0
0.0
0.0
0.0
30.0
0.0
20.5882352941
13.6363636364
7.5
0.0
10.0
28.125
50.0
0.0
15.625
40.0
29.1666666667
0
20.8333333333
0.0
9.09090909091
0.0
22.9166666667
29.1666666667
0.0
0.0
5.0
24.1935483871
0.0
0.0
30.7692307692
6.81818181818
50.0
21.4285714286
7.69230769231
37.5
0.0
0.0
0.0
15.0
0.0
22.2222222222
25.0
0.0
0.0
12.0
40.0
41.6666666667
0.0
22.2222222222
0
13.6363636364
0.0
32.3529411765
0.0
0.0
40.0
0.0
8.33333333333
21.4285714286
0.0
0.0
0.0
7.89473684211
0.0
45.2380952381
0.0
50.0
25.0
0.0
17.5
23.3333333333
16.6666666667
0.0
25.0
0.0
33.3333333333
0.0
54.7619047619
34.7826086957
50.0
0.0
21.875
20.0
5.0
50.0
13.8888888889
0.0
16.6666666667
21.4285714286
0.0
33.3333333333
15.7894736842
0.0
0.0
0.0
0.0
21.4285714286
11.5384615385
26.4705882353
0.0
19.2307692308
21.4285714286
29.1666666667
30.0
4.7619047619
8.82352941176
0.0
25.0
0.0
0.0
0.0
11.1111111111
23.0769230769
13.0434782609
0.0
0.0
0.0
12.5
0.0
0.0
33.3333333333
30.7692307692
50.0
25.0
0.0
0.0
20.0
31.8181818182
0.0
27.2727272727
0.0
0.0
0.0
50.0
34.0909090909
10.0
0.0
16.6666666667
15.625
0.0
22.2222222222
37.5
38.8888888889
25.0
37.5
0.0
0.0
35.0
0.0
0.0
0.0
32.1428571429
0.0
55.0
27.7777777778
0.0
31.8181818182
33.3333333333
16.6666666667
27.7777777778
14.2857142857
8.33333333333
0.0
0.0
30.0
29.4117647059
18.4210526316
29.1666666667
0.0
21.875
0.0
16.6666666667
0.0
0.0
0.0
0.0
27.2727272727
11.7647058824
0.0
0.0
16.6666666667
0.0
25.0
12.5
0.0
0.0
30.0
17.1875
0.0
16.6666666667
33.3333333333
66.6666666667
16.6666666667
16.6666666667
16.6666666667
0.0
50.0
16.6666666667
25.0
6.81818181818
0.0
0.0
0.0
0.0
0.0
0.0
0.0
50.0
0.0
0.0
12.5
0.0
37.5
0.0
9.52380952381
5.55555555556
-50.0
33.3333333333
0.0
22.5
0.0
28.5714285714
50.0
25.0
18.75
20.0
0.0
18.1818181818
50.0
0.0
0.0
0.0
0.0
10.7142857143
0.0
0.0
25.0
23.0769230769
14.2857142857
12.5
41.6666666667
14.2857142857
0.0
2.38095238095
12.5
0
5.26315789474
16.6666666667
8.33333333333
0.0
0.0
0.0
35.2941176471
25.0
22.5
18.4210526316
7.69230769231
5.55555555556
0.0
0.0
0.0
0.0
22.2222222222
25.0
14.8148148148
13.6363636364
0.0
0.0
0.0
21.4285714286
20.4545454545
7.14285714286
32.1428571429
0.0
0.0
28.5714285714
0.0
0.0
0.0
5.26315789474
0.0
16.6666666667
0.0
22.2222222222
1.47058823529
26.4705882353
20.5882352941
0.0
0.0
0.0
38.6363636364
0.0
18.75
0.0
37.5
21.4285714286
0.0
30.8823529412
0.0
20.0
27.7777777778
19.0476190476
28.5714285714
15.625
45.8333333333
0.0
29.6296296296
11.1111111111
22.0930232558
13.6363636364
16.6666666667
0.0
0.0
25.0
0.0
0.0
38.4615384615
30.0
0.0
0.0
18.1818181818
15.2173913043
0.0
0.0
0.0
50.0
16.6666666667
35.7142857143
0.0
30.0
0.0
50.0
7.14285714286
0.0
0
20.0
0
0.0
28.5714285714
0.0
34.375
0.0
0.0
16.6666666667
0.0
15.0
50.0
14.2857142857
8.82352941176
0.0
50.0
0.0
26.9230769231
0.0
8.33333333333
20.4545454545
0.0
0.0
25.0
50.0
13.6363636364
0.0
25.0
25.0
20.0
0.0
21.4285714286
0.0
37.5
31.25
4.7619047619
0.0
30.0
22.2222222222
25.0
30.0
5.55555555556
0.0
0.0
0.0
0.0
5.0
18.75
0
30.0
0.0
0.0
0.0
0.0
0.0
13.6363636364
42.8571428571
21.4285714286
25.7142857143
25.0
8.33333333333
4.16666666667
9.09090909091
11.7647058824
16.6666666667
22.7272727273
25.0
0.0
0.0
33.3333333333
29.4117647059
9.09090909091
0.0
50.0
0.0
0.0
25.0
42.8571428571
16.6666666667
22.2222222222
9.09090909091
33.3333333333
0.0
19.4444444444
20.0
0.0
0.0
25.0
23.5294117647
15.0
0.0
50.0
2.27272727273
7.14285714286
12.5
17.6470588235
0.0
9.25925925926
0.0
10.0
37.5
50.0
2.77777777778
0.0
0.0
22.7272727273
0.0
0.0
30.0
0.0
0.0
0.0
0.0
10.3448275862
0.0
0.0
4.16666666667
0.0
0.0
9.52380952381
11.1111111111
16.6666666667
0.0
0.0
60.0
0.0
0.0
33.3333333333
31.25
0.0
0.0
38.8888888889
18.75
0.0
0.0
18.75
0
0.0
0.0
16.6666666667
5.88235294118
37.5
0.0
6.25
20.0
0.0
0.0
11.1111111111
26.9230769231
0.0
18.1818181818
13.3333333333
33.3333333333
16.6666666667
0.0
0.0
0.0
18.1818181818
20.0
25.0
30.0
25.0
16.6666666667
25.0
0.0
0.0
4.16666666667
14.2857142857
11.5384615385
31.25
22.2222222222
0.0
0.0
2.94117647059
0.0
0.0
50.0
33.3333333333
7.14285714286
14.2857142857
0.0
0.0
31.25
0.0
0.0
0.0
5.0
0.0
42.8571428571
30.0
0.0
50.0
37.5
31.25
25.0
33.3333333333
0.0
25.0
46.6666666667
16.6666666667
31.25
37.5
33.9285714286
2.17391304348
0.0
0.0
20.0
20.8333333333
0.0
0.0
0.0
7.89473684211
0.0
25.0
25.0
0.0
20.0
25.0
37.5
0.0
0.0
0.0
6.25
25.0
19.2307692308
0.0
0.0
13.4615384615
0.0
18.1818181818
13.6363636364
15.3846153846
0.0
26.6666666667
0.0
36.3636363636
33.3333333333
33.3333333333
42.8571428571
30.0
0.0
0.0
-50.0
27.2727272727
0.0
2.27272727273
0.0
21.4285714286
0.0
0.0
8.33333333333
21.4285714286
0.0
0.0
7.14285714286
0.0
20.4545454545
0.0
11.5384615385
22.2222222222
15.625
0.0
0.0
0.0
0.0
17.6470588235
0.0
21.0526315789
0.0
0.0
26.9230769231
0.0
37.5
37.5
0.0
0.0
18.75
6.25
12.5
17.8571428571
0.0
0.0
0.0
-25.0
0.0
18.75
25.0
0
0.0
0.0
0.0
20.8333333333
8.33333333333
0.0
0.0
21.4285714286
22.7272727273
0.0
30.0
13.6363636364
0.0
9.52380952381
0.0
15.2173913043
0.0
0.0
0.0
0.0
32.3529411765
11.9047619048
21.4285714286
0.0
0.0
16.6666666667
0.0
25.0
15.0
0.0
0.0
9.09090909091
16.6666666667
35.7142857143
11.1111111111
25.0
0.0
25.0
18.1818181818
21.4285714286
0.0
0.0
25.0
12.5
38.8888888889
33.3333333333
0.0
0.0
50.0
44.1176470588
42.1052631579
0.0
3.125
25.0
0.0
0.0
27.7777777778
30.0
37.5
0.0
21.4285714286
3.33333333333
23.9130434783
13.8888888889
29.1666666667
40.0
42.8571428571
32.3529411765
0.0
31.25
0
0.0
0.0
27.7777777778
0.0
0.0
16.6666666667
9.09090909091
0.0
0.0
28.5714285714
0.0
26.9230769231
19.1176470588
0.0
33.3333333333
38.8888888889
21.4285714286
0.0
25.0
24.0740740741
20.0
0.0
33.3333333333
23.0769230769
37.5
0.0
0.0
0.0
0.0
20.8333333333
33.3333333333
0.0
2.27272727273
9.09090909091
0.0
0.0
0.0
0.0
26.1904761905
33.3333333333
0.0
6.45161290323
0.0
0.0
20.0
0.0
27.2727272727
7.89473684211
29.4117647059
0.0
21.0526315789
30.8823529412
-12.5
0.0
17.5
0.0
33.3333333333
0.0
0.0
5.0
0.0
8.82352941176
58.3333333333
2.38095238095
0.0
15.0
25.0
0.0
0.0
0.0
9.52380952381
0.0
6.25
12.5
9.375
0.0
16.6666666667
50.0
0.0
8.69565217391
0.0
25.0
0.0
40.3846153846
31.25
0.0
35.7142857143
31.8181818182
33.3333333333
0.0
13.6363636364
37.5
66.6666666667
0.0
26.4705882353
0.0
0.0
27.7777777778
21.875
0.0
3.7037037037
0.0
2.27272727273
0.0
26.4705882353
26.9230769231
9.375
35.0
0.0
25.0
11.5384615385
12.5
5.55555555556
27.7777777778
0.0
0.0
0.0
0.0
0.0
27.2727272727
3.84615384615
45.4545454545
0.0
6.25
21.7391304348
0.0
8.33333333333
0.0
31.8181818182
18.75
9.375
0.0
0.0
3.84615384615
0.0
0.0
0.0
8.33333333333
0.0
0.0
0.0
33.3333333333
21.4285714286
10.7142857143
43.75
0.0
2.94117647059
0.0
0.0
0.0
0.0
19.0476190476
0.0
0.0
21.4285714286
0.0
-12.5
0.0
16.6666666667
21.4285714286
10.0
0.0
8.33333333333
15.625
25.0
0.0
0.0
0.0
0.0
0.0
0.0
0.0
33.3333333333
25.0
15.3846153846
32.3529411765
8.69565217391
0.0
29.1666666667
25.0
0.0
0.0
0.0
33.3333333333
29.1666666667
0.0
0.0
14.2857142857
0.0
0.0
25.0
0.0
15.0
15.0
0.0
0.0
25.0
0.0
0.0
40.0
27.7777777778
12.5
0.0
30.0
0.0
62.5
50.0
0.0
13.6363636364
27.7777777778
3.57142857143
19.4444444444
16.6666666667
27.2727272727
0.0
0.0
0.0
0.0
0.0
25.0
41.6666666667
50.0
25.0
38.8888888889
4.7619047619
0.0
5.76923076923
0.0
0.0
0.0
0.0
13.6363636364
0.0
50.0
0.0
15.0
8.33333333333
18.75
0.0
31.8181818182
0.0
15.0
35.7142857143
0.0
18.75
0.0
25.0
0.0
0.0
41.6666666667
0.0
0.0
22.2222222222
0.0
25.0
30.0
0.0
0.0
0.0
0.0
11.1111111111
20.8333333333
28.5714285714
15.0
0.0
0.0
26.9230769231
10.0
0.0
41.6666666667
15.2173913043
0.0
0.0
9.61538461538
17.3913043478
0.0
30.0
0.0
37.5
21.875
0.0
20.8333333333
0.0
16.6666666667
2.77777777778
11.5384615385
0.0
30.3571428571
0.0
0.0
18.0
0.0
0.0
38.8888888889
13.6363636364
25.0
10.7142857143
23.5294117647
25.0
0.0
18.75
16.6666666667
8.82352941176
29.1666666667
0.0
40.0
0.0
14.2857142857
0.0
0.0
0.0
22.2222222222
2.23880597015
20.0
8.33333333333
0.0
17.5
36.3636363636
56.25
10.5263157895
27.7777777778
26.9230769231
6.25
0.0
0.0
0.0
0.0
0.0
16.6666666667
0.0
5.76923076923
0.0
0.0
6.25
0.0
0.0
0.0
22.2222222222
30.0
0.0
17.8571428571
40.0
22.0
33.3333333333
0.0
12.5
8.0
0
25.0
2.38095238095
15.7894736842
25.0
0.0
8.82352941176
23.0769230769
11.1111111111
12.5
0.0
18.75
30.0
0.0
9.375
30.0
18.75
23.0769230769
38.8888888889
20.0
33.3333333333
12.5
0.0
0.0
0.0
0.0
50.0
0.0
40.9090909091
0.0
43.75
32.3529411765
11.7647058824
0.0
0.0
8.33333333333
3.33333333333
50.0
12.5
27.2727272727
10.5263157895
28.5714285714
0.0
50.0
45.0
10.7142857143
10.0
0.0
0.0
0.0
0.0
33.3333333333
2.0
0.0
0.0
35.7142857143
0.0
25.0
20.0
0.0
0.0
0.0
18.75
0.0
0.0
0.0
0.0
16.6666666667
0.0
3.125
0.0
50.0
21.875
18.75
18.1818181818
0.0
20.8333333333
28.5714285714
20.0
0.0
18.75
25.0
13.4615384615
0
9.09090909091
0.0
7.89473684211
0.0
0.0
0.0
3.33333333333
12.5
0.0
6.25
7.5
38.8888888889
0.0
0.0
35.7142857143
0.0
12.5
0.0
0.0
20.8333333333
40.9090909091
0.0
14.2857142857
25.0
32.1428571429
0.0
0
20.6896551724
33.3333333333
40.0
0
11.1111111111
0.0
20.0
0.0
26.9230769231
20.8333333333
10.0
0.0
0.0
0.0
18.1818181818
26.0869565217
7.14285714286
21.4285714286
36.2068965517
21.4285714286
4.83870967742
0.0
0
0.0
0.0
15.625
7.14285714286
16.6666666667
0.0
5.76923076923
21.4285714286
30.0
40.4761904762
0.0
0.0
29.1666666667
35.2941176471
0.0
0.0
7.14285714286
0.0
0.0
10.6060606061
0.0
0.0
21.4285714286
0.0
0.0
5.88235294118
13.3333333333
0.0
0.0
-8.33333333333
0.0
0.0
12.5
0.0
23.0769230769
14.2857142857
0
0.0
0.0
0.0
0.0
0.0
0.0
0.0
30.0
9.09090909091
0.0
0.0
0.0
0.0
0.0
0.0
0.0
12.5
0.0
7.14285714286
0.0
25.0
0.0
20.0
15.7894736842
0.0
0.0
31.8181818182
0.0
22.5
21.4285714286
0.0
33.3333333333
14.2857142857
37.5
0.0
0.0
30.7692307692
16.6666666667
0.0
0.0
27.2727272727
-50.0
38.8888888889
23.3333333333
40.4761904762
0.0
8.33333333333
20.8333333333
27.7777777778
50.0
0.0
38.8888888889
33.3333333333
10.0
0.0
5.0
34.6153846154
0.0
22.2222222222
20.0
19.4444444444
8.69565217391
0.0
6.25
0.0
5.55555555556
0.0
0.0
33.3333333333
0.0
25.0
30.0
0.0
0.0
35.0
0.0
34.6153846154
7.69230769231
25.0
0.0
0.0
0.0
0.0
30.0
9.09090909091
25.0
0.0
0.0
25.0
0.0
0.0
0.0
0.0
16.6666666667
0.0
0.0
24.0
0.0
0.0
0.0
30.0
0.0
0.0
26.1904761905
25.0
16.6666666667
0.0
0.0
11.5384615385
2.94117647059
18.9189189189
25.0
50.0
7.5
0.0
0.0
20.0
0.0
0
0.0
40.0
0.0
30.0
19.1176470588
38.8888888889
0.0
37.5
33.3333333333
6.25
0.0
38.8888888889
50.0
0.0
23.5294117647
0.0
0.0
27.7777777778
0.0
31.25
-25.0
23.3333333333
0.0
0.0
0.0
1.47058823529
25.7575757576
2.5
0.0
10.7142857143
7.14285714286
26.9230769231
0.0
7.14285714286
25.0
23.0769230769
44.1176470588
0.0
26.9230769231
30.0
30.0
29.1666666667
0.0
0.0
18.1818181818
10.0
33.3333333333
0.0
25.0
0.0
0.0
0.0
0.0
30.0
0.0
0.0
0.0
12.5
38.4615384615
33.3333333333
0.0
25.0
0.0
11.1111111111
14.7058823529
0.0
0.0
25.0
7.89473684211
0.0
0.0
0.0
0.0
0.0
0.0
25.0
4.54545454545
0.0
17.8571428571
0.0
9.09090909091
0.0
20.0
0.0
0.0
16.6666666667
0.0
-20.0
16.6666666667
20.0
0.0
7.69230769231
31.8181818182
21.4285714286
0.0
0.0
25.0
0.0
11.1111111111
4.54545454545
0.0
30.0
-50.0
7.14285714286
25.0
8.33333333333
11.3636363636
7.89473684211
13.6363636364
0.0
0.0
9.09090909091
7.14285714286
0.0
25.0
18.75
0.0
35.0
11.5384615385
0.0
58.3333333333
0.0
9.09090909091
0.0
36.3636363636
17.8571428571
0.0
0.0
16.6666666667
0.0
27.0833333333
25.0
0.0
0.0
0.0
0.0
21.4285714286
10.0
36.0
0.0
0.0
0.0
22.2222222222
0.0
0.0
0.0
27.2727272727
42.8571428571
0.0
0.0
0.0
25.0
0.0
14.5833333333
0.0
30.7692307692
0.0
0.0
7.69230769231
33.3333333333
6.25
18.4210526316
22.7272727273
20.0
50.0
12.0
0.0
11.5384615385
0.0
13.6363636364
0.0
16.6666666667
8.33333333333
0.0
25.0
16.6666666667
30.0
0.0
0.0
0.0
22.7272727273
25.0
42.8571428571
0.0
8.82352941176
0.0
25.0
0
36.3636363636
0.0
9.375
0.0
31.25
2.94117647059
16.6666666667
50.0
30.9523809524
0.0
18.1818181818
0.0
38.8888888889
19.2307692308
0.0
11.9047619048
0.0
25.0
36.3636363636
27.7777777778
0.0
0.0
0.0
35.0
0.0
0.0
0.0
0.0
18.75
0.0
0.0
0.0
20.0
6.25
0.0
60.0
0.0
0.0
0.0
0.0
5.76923076923
11.1111111111
0.0
0.0
0.0
33.3333333333
0.0
18.75
0.0
0.0
0.0
25.0
0.0
0.0
37.5
0.0
50.0
17.8571428571
-50.0
20.0
0.0
30.0
0.0
9.375
0.0
0.0
0.0
0.0
0.0
25.0
9.375
21.875
0.0
25.0
6.25
0.0
27.2727272727
25.0
25.0
-25.0
0.0
33.3333333333
8.33333333333
0.0
14.2857142857
25.0
18.75
0.0
0.0
-25.0
27.2727272727
10.0
38.8888888889
0.0
2.38095238095
0.0
28.5714285714
37.5
12.5
5.1724137931
17.0212765957
0.0
15.3846153846
37.5
22.7272727273
33.3333333333
21.4285714286
40.625
30.0
0.0
0.0
36.3636363636
-30.0
12.5
37.5
0.0
39.4736842105
30.0
23.5294117647
19.4444444444
2.63157894737
23.8095238095
0.0
17.5
0.0
3.33333333333
0.0
0.0
0.0
26.9230769231
16.6666666667
0.0
35.7142857143
0.0
0.0
0.0
0.0
26.4705882353
0.0
19.6428571429
50.0
11.8421052632
0.0
0.0
0.0
11.4285714286
0.0
17.6470588235
0.0
10.0
0.0
0.0
13.3333333333
25.0
0.0
0.0
0.0
0.0
0.0
40.0
9.375
0.0
0.0
0.0
0.0
25.0
12.5
26.4705882353
14.5833333333
0.0
31.25
0.0
0.0
-50.0
50.0
30.7692307692
11.9047619048
30.7692307692
6.25
26.6666666667
45.4545454545
0.0
32.1428571429
18.75
0.0
0.0
0.0
0.0
11.5384615385
28.125
7.5
0.0
8.33333333333
40.0
38.8888888889
3.84615384615
8.82352941176
39.2857142857
0.0
16.6666666667
0.0
7.69230769231
18.75
40.0
33.3333333333
0.0
0.0
6.25
0.0
0.0
30.0
27.7777777778
18.1818181818
23.6842105263
0
0.0
22.7272727273
10.7142857143
0.0
0.0
21.4285714286
20.0
38.6363636364
20.0
27.2727272727
0.0
0.0
0.0
0.0
20.0
2.27272727273
0.0
18.4210526316
0.0
0.0
0
9.375
27.7777777778
25.0
26.6666666667
0.0
12.0
0.0
19.0476190476
0.0
0.0
27.2727272727
0.0
0.0
40.0
22.5
12.5
29.1666666667
0.0
0.0
16.6666666667
0.0
11.9047619048
21.4285714286
23.0769230769
0.0
0.0
35.7142857143
0.0
16.6666666667
50.0
0.0
25.0
-14.2857142857
10.0
18.75
20.0
0.0
9.375
20.0
0.0
0.0
0.0
0.0
30.0
41.6666666667
0.0
0.0
20.5882352941
0.0
50.0
6.25
0.0
-6.25
0.0
6.66666666667
0.0
0.0
0.0
0.0
25.0
10.0
7.69230769231
20.0
35.7142857143
40.0
30.0
25.0
0.0
30.0
22.0
0.0
31.25
20.0
0.0
0.0
25.0
0.0
18.75
22.2222222222
0.0
30.0
15.0
33.3333333333
0.0
37.5
10.0
37.5
25.0
27.7777777778
25.0
0.0
18.1818181818
0.0
5.26315789474
0.0
0.0
0.0
29.3103448276
7.69230769231
12.5
33.3333333333
20.8333333333
3.125
0.0
0.0
11.5384615385
25.0
0.0
0.0
21.4285714286
0.0
20.8333333333
25.0
0.0
47.2222222222
27.7777777778
29.4117647059
11.5384615385
0.0
13.6363636364
0.0
0.0
21.4285714286
28.125
0.0
0.0
25.0
0
25.0
50.0
30.0
0.0
0.0
0.0
0.0
15.3846153846
0.0
25.0
25.0
14.2857142857
0.0
37.5
30.0
0.0
0.0
12.5
0.0
13.6363636364
22.2222222222
37.0689655172
0.0
0.0
0.0
0.0
19.2307692308
8.82352941176
45.8333333333
27.7777777778
10.7142857143
0.0
9.375
21.0526315789
0.0
0.0
2.27272727273
0.0
0.0
23.6842105263
42.1875
0.0
0.0
23.3333333333
0.0
25.0
0.0
33.3333333333
0.0
12.5
20.0
16.6666666667
0.0
23.0769230769
0.0
31.8181818182
7.14285714286
0.0
16.6666666667
0.0
0.0
25.0
18.1818181818
0.0
0.0
0.0
0.0
37.5
0.0
21.875
6.45161290323
37.5
20.0
0.0
8.33333333333
15.3846153846
0.0
0.0
26.9230769231
15.0
0.0
10.7142857143
0.0
25.0
16.6666666667
0.0
0.0
0.0
20.5882352941
7.69230769231
30.0
0.0
0.0
0.0
6.0
0.0
0.0
0.0
0.0
26.6666666667
23.5294117647
0.0
33.3333333333
0.0
33.3333333333
11.1111111111
46.1538461538
-50.0
25.0
40.9090909091
30.0
50.0
29.1666666667
16.6666666667
0.0
37.5
61.1111111111
23.5294117647
0.0
0.0
15.0
11.5384615385
0.0
0.0
0.0
0.0
14.7058823529
10.5263157895
0.0
0.0
0.0
22.2222222222
0.0
0.0
0.0
0.0
16.6666666667
0.0
0.0
14.5833333333
0.0
21.4285714286
0.0
33.3333333333
0.0
0.0
18.0
4.54545454545
-10.0
0.0
40.0
25.0
0.0
37.5
0
2.27272727273
0.0
0.0
32.5581395349
0.0
6.66666666667
6.81818181818
29.6296296296
18.75
8.33333333333
13.1578947368
25.0
12.5
27.7777777778
0.0
0.0
15.0
4.0
0.0
0.0
0.0
30.7692307692
14.7058823529
2.08333333333
0.0
0
21.4285714286
18.75
18.1818181818
0.0
36.3636363636
0.0
15.0
0.0
50.0
0.0
8.69565217391
16.6666666667
0.0
11.5384615385
0.0
18.75
0.0
39.2857142857
12.5
18.75
0.0
15.0
0.0
0.0
23.6842105263
0.0
12.962962963
37.5
0.0
0.0
0.0
0.0
11.1111111111
8.69565217391
23.0769230769
0.0
0.0
27.7777777778
25.0
30.0
0.0
15.8536585366
31.5789473684
50.0
31.8181818182
0.0
9.09090909091
0.0
0.0
11.9047619048
0.0
0.0
20.0
0.0
0.0
0.0
0.0
5.0
7.69230769231
0.0
30.7692307692
9.375
36.6666666667
38.4615384615
0.0
17.8571428571
25.0
0.0
16.6666666667
27.7777777778
13.3333333333
0.0
8.33333333333
0.0
3.33333333333
17.5
0.0
4.16666666667
16.6666666667
0.0
0.0
0.0
25.0
0.0
25.0
10.0
2.38095238095
30.7692307692
25.0
30.7692307692
37.5
0.0
18.75
0.0
0.0
27.2727272727
11.1111111111
0.0
0.0
20.0
44.1176470588
0.0
0.0
0.0
0.0
0.0
0.0
15.7894736842
-10.0
0.0
0.0
0.0
20.0
0.0
0.0
0.0
0.0
18.75
33.3333333333
2.63157894737
10.0
0.0
37.5
0.0
16.6666666667
33.3333333333
0.0
9.09090909091
33.3333333333
0.0
0.0
0.0
13.0434782609
9.09090909091
25.0
0.0
0.0
0.0
0.0
0.0
27.2727272727
7.89473684211
9.375
30.0
8.82352941176
26.9230769231
16.6666666667
0.0
0.0
25.0
0.0
29.1666666667
0.0
0.0
0.0
0.0
33.3333333333
0.0
0.0
15.0
10.0
-16.6666666667
15.2173913043
0.0
0.0
-21.4285714286
2.38095238095
0.0
34.375
17.8571428571
27.7777777778
56.6666666667
37.5
25.0
13.6363636364
10.0
16.6666666667
0.0
0.0
41.6666666667
18.75
0.0
16.6666666667
0.0
25.0
0.0
0.0
37.5
0.0
0.0
14.2857142857
20.0
66.6666666667
0.0
2.27272727273
25.0
33.3333333333
0.0
39.2857142857
33.3333333333
3.84615384615
33.3333333333
0.0
0.0
33.3333333333
0.0
0.0
0.0
13.6363636364
5.88235294118
20.0
23.0769230769
37.5
50.0
0.0
0.0
37.5
0.0
28.5714285714
0.0
0.0
0.0
15.3846153846
18.1818181818
37.5
7.14285714286
25.0
0.0
0.0
33.3333333333
20.5882352941
28.5714285714
18.75
50.0
20.4545454545
0.0
6.25
16.6666666667
0.0
0.0
28.5714285714
36.6666666667
0.0
0.0
33.3333333333
0.0
25.0
0.0
0.0
0.0
16.6666666667
12.5
37.5
0.0
0.0
7.14285714286
0.0
0.0
0.0
0.0
40.0
0.0
0.0
0.0
31.25
0.0
0.0
0.0
43.75
0.0
22.2222222222
0.0
0.0
0.0
0.0
5.35714285714
0.0
0.0
16.6666666667
20.8333333333
0.0
20.0
0.0
0.0
0.0
0.0
0.0
7.14285714286
25.0
27.5
32.5
0.0
15.0
25.0
0.0
0.0
0.0
13.8888888889
0.0
33.3333333333
0.0
0.0
0.0
26.6666666667
0.0
25.0
15.0
23.0769230769
0.0
2.5
0.0
0.0
25.0
0.0
33.3333333333
11.9047619048
13.0434782609
11.5384615385
35.0
50.0
2.94117647059
0.0
0.0
0.0
-8.33333333333
11.5384615385
19.4444444444
0.0
22.2222222222
0.0
0.0
33.3333333333
7.69230769231
19.0476190476
0.0
0.0
21.4285714286
5.55555555556
5.0
32.1428571429
0.0
13.6363636364
18.1818181818
38.7096774194
0.0
15.0
10.7142857143
-5.0
0.0
20.0
0.0
35.7142857143
16.6666666667
0.0
0.0
0.0
0.0
0.0
50.0
19.2307692308
0.0
0.0
0.0
0.0
0.0
0.0
13.0434782609
0.0
25.0
0.0
0.0
16.6666666667
20.8333333333
25.0
25.0
0.0
0.0
0.0
13.6363636364
0.0
0.0
33.3333333333
10.7142857143
0.0
44.4444444444
0.0
0.0
30.0
32.3529411765
20.0
0.0
18.0
0.0
26.9230769231
8.33333333333
6.52173913043
20.0
2.08333333333
22.2222222222
7.14285714286
0.0
11.5384615385
10.0
50.0
19.4444444444
31.25
0.0
0.0
0.0
0.0
15.0
45.0
0.0
0.0
0.0
39.6551724138
0.0
0.0
20.0
0.0
2.94117647059
0.0
7.40740740741
17.6470588235
0.0
0.0
0.0
0.0
0.0
0.0
0.0
16.6666666667
0.0
20.5882352941
42.8571428571
10.7142857143
12.5
23.5294117647
36.6666666667
25.0
20.0
15.0
30.0
39.2857142857
43.3333333333
0.0
0.0
0.0
0.0
0.0
0.0
2.27272727273
0.0
31.25
0.0
2.63157894737
41.6666666667
22.5
0.0
33.3333333333
0.0
0.0
0.0
17.3076923077
30.5555555556
26.3157894737
0.0
26.0416666667
0.0
22.7272727273
7.69230769231
0.0
0.0
0.0
25.0
17.8571428571
20.0
23.5294117647
0.0
10.9375
15.3846153846
0.0
0.0
-87.5
33.3333333333
33.3333333333
0.0
14.2857142857
9.375
23.3333333333
15.625
14.8148148148
0.0
50.0
0.0
0.0
33.3333333333
22.5
0.0
18.1818181818
35.7142857143
0.0
0.0
0.0
33.3333333333
-43.75
0.0
27.7777777778
30.0
11.7647058824
9.09090909091
6.66666666667
11.5384615385
0.0
0.0
0.0
7.14285714286
9.375
30.0
11.5384615385
0.0
3.57142857143
5.26315789474
0.0
33.3333333333
28.2608695652
28.3333333333
42.8571428571
0.0
0.0
15.0
22.619047619
0.0
45.4545454545
28.5714285714
13.6363636364
25.0
25.0
31.8181818182
0.0
25.0
0.0
20.0
0.0
25.0
0.0
21.4285714286
0.0
18.1818181818
0.0
30.0
21.4285714286
5.0
31.8181818182
13.6363636364
5.26315789474
13.0434782609
30.5555555556
40.9090909091
0.0
27.2727272727
0.0
50.0
0.0
13.6363636364
0.0
0.0
37.5
58.3333333333
0.0
37.5
0.0
0.0
2.63157894737
37.5
42.3076923077
0.0
16.6666666667
0.0
5.0
10.7142857143
20.8333333333
0.0
0.0
5.55555555556
0.0
18.75
10.0
2.94117647059
0.0
10.0
28.5714285714
11.3636363636
17.2413793103
33.3333333333
41.6666666667
22.7272727273
16.6666666667
0.0
7.5
0.0
25.0
11.5384615385
0.0
0.0
37.5
2.38095238095
0.0
12.5
29.1666666667
0.0
25.0
13.6363636364
0.0
21.4285714286
5.55555555556
0.0
0.0
0.0
31.8181818182
33.3333333333
0.0
26.9230769231
0.0
0.0
7.14285714286
0.0
7.14285714286
38.4615384615
23.0769230769
21.4285714286
0.0
20.0
20.0
9.09090909091
18.1818181818
20.8333333333
0.0
15.0
42.8571428571
-50.0
4.34782608696
0.0
16.6666666667
13.2352941176
0.0
32.1428571429
50.0
30.0
50.0
0.0
5.55555555556
-6.25
0.0
28.125
0.0
11.1111111111
0.0
25.0
25.0
15.2173913043
28.5714285714
20.4545454545
20.0
36.1111111111
20.0
0.0
27.2727272727
0.0
2.63157894737
25.0
0.0
0.0
42.8571428571
0.0
0.0
9.09090909091
7.5
0.0
0.0
32.1428571429
25.0
7.14285714286
25.0
6.25
29.4117647059
25.0
30.0
0.0
21.4285714286
25.0
27.7777777778
8.0
0.0
11.1111111111
34.0909090909
16.6666666667
25.0
0.0
6.52173913043
26.6666666667
0.0
8.69565217391
14.0625
23.9130434783
50.0
29.3103448276
0.0
20.0
45.4545454545
0.0
0.0
10.7142857143
-50.0
0.0
35.0
19.2307692308
4.0
0.0
0.0
0.0
0.0
14.7058823529
0.0
7.14285714286
0.0
33.3333333333
0.0
33.3333333333
10.7142857143
35.7142857143
0.0
14.2857142857
0.0
10.4166666667
12.5
0.0
19.4444444444
33.3333333333
0.0
25.0
0.0
50.0
18.75
6.66666666667
0.0
0.0
33.3333333333
0.0
21.4285714286
0.0
27.2727272727
43.75
38.3333333333
5.55555555556
0.0
3.33333333333
0.0
0.0
0.0
4.16666666667
3.40909090909
8.33333333333
14.0625
7.14285714286
0.0
9.52380952381
8.33333333333
15.625
7.69230769231
8.33333333333
0.0
0.0
16.6666666667
25.0
33.9285714286
0.0
0.0
0.0
37.5
0.0
30.0
0.0
7.69230769231
0.0
21.0526315789
30.0
30.7692307692
10.7142857143
0.0
0.0
40.0
0.0
13.6363636364
0.0
14.2857142857
25.0
0.0
25.0
30.0
1.92307692308
14.5833333333
0.0
10.5263157895
25.0
0.0
0.0
30.0
0.0
30.0
0.0
0.0
0.0
6.25
25.0
25.0
50.0
3.33333333333
6.0
0.0
20.0
16.6666666667
0.0
0.0
0.0
0.0
30.0
0.0
6.25
17.6470588235
0.0
13.6363636364
0.0
0.0
18.75
2.38095238095
8.33333333333
33.3333333333
0.0
0.0
-41.6666666667
0.0
0.0
5.55555555556
0.0
0.0
0.0
30.0
2.63157894737
0.0
6.25
0.0
12.5
22.7272727273
0.0
30.4347826087
0.0
0.0
12.1951219512
20.0
0.0
0.0
0.0
0.0
25.0
0.0
0.0
0.0
0.0
2.63157894737
12.5
0.0
0.0
17.9487179487
17.8571428571
0.0
0
0.0
0.0
44.4444444444
15.0
0.0
20.0
0.0
0.0
0.0
15.0
27.0833333333
23.0769230769
21.4285714286
0.0
6.81818181818
55.5555555556
18.1818181818
8.82352941176
10.0
3.57142857143
14.2857142857
2.77777777778
39.6551724138
50.0
39.2857142857
0.0
20.0
6.52173913043
15.0
0.0
15.625
0.0
22.7272727273
0.0
30.0
27.2727272727
0.0
27.2727272727
6.25
27.7777777778
25.0
5.55555555556
6.81818181818
0.0
34.375
30.0
0.0
19.696969697
0.0
28.9473684211
15.5172413793
30.7692307692
10.7142857143
0.0
28.5714285714
21.4285714286
14.2857142857
0.0
27.2727272727
0.0
19.8717948718
25.0
31.25
0.0
0.0
22.2222222222
31.5789473684
0.0
0.0
0.0
0.0
40.0
25.0
33.3333333333
0.0
26.9230769231
20.0
42.8571428571
10.0
33.3333333333
0.0
0.0
0.0
18.75
25.0
5.88235294118
25.0
0.0
11.5384615385
19.4444444444
9.09090909091
0.0
0.0
40.0
15.625
0.0
50.0
0.0
0.0
30.0
21.4285714286
20.0
17.6470588235
40.0
23.5294117647
19.4444444444
35.7142857143
0.0
0.0
0.0
0.0
9.09090909091
7.14285714286
5.0
-20.0
33.3333333333
30.0
0.0
29.6296296296
0.0
32.0
0.0
20.0
6.52173913043
34.4827586207
23.0769230769
37.0967741935
37.5
15.0
0.0
0.0
0.0
0.0
6.66666666667
0.0
0.0
-11.1111111111
0.0
0.0
0.0
0.0
5.0
13.0434782609
25.0
13.1578947368
16.0
50.0
3.33333333333
0.0
20.0
33.3333333333
0.0
30.7692307692
17.8571428571
10.8695652174
0.0
33.3333333333
0.0
0
11.7647058824
2.5
0.0
-25.0
0.0
20.9677419355
30.7692307692
18.1818181818
0.0
38.8888888889
18.75
0.0
0.0
13.6363636364
17.8571428571
-4.16666666667
23.0769230769
33.3333333333
0.0
0.0
15.0
0.0
8.69565217391
0.0
0.0
20.8333333333
0.0
22.7272727273
0.0
0.0
13.2352941176
22.7272727273
0.0
0.0
11.5384615385
27.2727272727
28.5714285714
30.0
3.84615384615
22.619047619
28.5714285714
42.8571428571
31.25
12.5
0.0
33.3333333333
30.7692307692
-6.25
16.6666666667
0.0
0.0
0.0
0.0
22.2222222222
25.0
26.4705882353
0.0
0.0
14.7058823529
15.3846153846
25.0
16.6666666667
0.0
6.66666666667
20.0
0.0
2.94117647059
32.3529411765
21.4285714286
21.4285714286
0.0
0.0
27.2727272727
37.037037037
2.77777777778
0.0
29.5454545455
31.25
0.0
-22.5
27.2727272727
33.3333333333
12.5
0.0
16.6666666667
9.09090909091
15.0
0.0
25.0
0.0
10.0
41.6666666667
27.7777777778
17.6470588235
0.0
47.3684210526
7.89473684211
28.0
21.4285714286
25.0
28.5714285714
0.0
30.0
0.0
14.8648648649
42.8571428571
6.66666666667
0.0
30.0
25.0
20.4545454545
0.0
2.23880597015
0.0
28.8461538462
43.75
0.0
12.5
0.0
0.0
21.4285714286
24.0
20.0
16.6666666667
23.9130434783
10.0
25.0
0.0
0.0
25.0
0.0
0.0
42.3076923077
50.0
5.26315789474
20.0
37.5
20.0
25.0
33.3333333333
50.0
0.0
41.6666666667
-100.0
0.0
33.3333333333
10.7142857143
28.5714285714
0.0
33.3333333333
12.5
5.35714285714
25.0
38.8888888889
39.2857142857
41.6666666667
0.0
13.1578947368
38.4615384615
0.0
0.0
3.125
20.8333333333
0.0
28.431372549
0.0
0.0
31.6666666667
0.0
0.0
33.3333333333
0.0
10.8695652174
24.1379310345
2.63157894737
32.1428571429
0.0
12.5
33.3333333333
0.0
9.09090909091
6.25
10.5263157895
10.7142857143
0.0
31.5789473684
8.82352941176
20.8333333333
7.14285714286
21.1538461538
28.5714285714
0.0
0.0
0.0
37.5
0.0
0.0
3.57142857143
50.0
12.5
0.0
27.7777777778
0.0
40.0
4.34782608696
13.6363636364
7.57575757576
0.0
3.0303030303
0.0
0.0
31.5789473684
37.5
9.61538461538
0.0
17.3076923077
34.375
18.75
-37.5
0.0
14.2857142857
0.0
6.25
3.125
0.0
33.3333333333
0.0
0.0
15.0
4.0
18.75
11.5384615385
0.0
16.6666666667
22.2222222222
20.0
15.3846153846
0.0
0.0
0.0
0.0
-25.0
15.9090909091
8.33333333333
0.0
42.8571428571
0.0
31.5789473684
40.0
0.0
0.0
37.5
16.6666666667
0.0
10.5263157895
43.75
15.3846153846
0.0
15.7894736842
50.0
27.2727272727
0.0
0.0
0.0
0.0
7.14285714286
0.0
0.0
0.0
25.0
20.0
17.5
0.0
0.0
4.54545454545
25.0
0.0
37.5
0.0
0.0
0.0
21.6216216216
35.0
17.6470588235
0.0
23.5294117647
32.1428571429
8.0
0.0
19.4444444444
0.0
0.0
0.0
6.25
11.1111111111
0.0
8.82352941176
0.0
0.0
28.9473684211
0.0
0.0
12.5
0.0
15.0
22.7272727273
0.0
25.0
7.89473684211
18.75
38.0952380952
0.0
38.4615384615
0.0
8.82352941176
35.7142857143
0.0
36.3636363636
40.4761904762
25.0
0.0
15.0
4.54545454545
0.0
8.69565217391
0.0
33.3333333333
6.25
6.0
19.2307692308
25.0
0.0
2.38095238095
0.0
0.0
9.375
20.0
30.0
25.0
4.7619047619
33.3333333333
20.0
0.0
20.4545454545
30.0
27.7777777778
10.0
-10.0
19.2307692308
0.0
37.5
25.0
0.0
0.0
0.0
0.0
38.0952380952
13.6363636364
22.2222222222
37.5
25.9259259259
50.0
33.3333333333
0.0
16.6666666667
0.0
0.0
13.8888888889
40.0
0.0
37.5
0.0
0.0
43.75
37.5
14.2857142857
0.0
15.0
35.2941176471
30.5555555556
0.0
0.0
10.7142857143
0.0
16.6666666667
15.1515151515
5.88235294118
20.4545454545
0.0
0.0
20.0
0.0
0.0
5.0
6.0
11.5384615385
50.0
62.5
30.0
16.6666666667
0.0
33.3333333333
0.0
27.2727272727
0.0
50.0
32.1428571429
0.0
23.5294117647
0.0
18.75
0.0
11.1111111111
0.0
15.625
45.8333333333
20.0
14.2857142857
0.0
25.0
17.8571428571
0.0
6.25
16.6666666667
22.2222222222
7.5
33.3333333333
10.0
7.14285714286
0.0
33.3333333333
40.0
22.2222222222
2.77777777778
12.5
0.0
0.0
0.0
7.5
38.5714285714
10.7142857143
4.7619047619
12.5
0.0
0.0
33.3333333333
25.0
0.0
29.1666666667
31.25
0.0
0.0
40.0
20.0
0.0
25.0
25.0
0.0
44.4444444444
0.0
25.0
15.3846153846
0.0
0.0
0.0
38.8888888889
27.7777777778
15.0
25.0
0.0
25.0
1.85185185185
21.4285714286
0.0
37.5
30.0
20.5882352941
0.0
23.0769230769
45.0
-33.3333333333
4.54545454545
25.0
37.5
15.7894736842
25.0
0.0
36.1111111111
31.25
0.0
0.0
0.0
0.0
0.0
0.0
0.0
5.55555555556
0.0
25.0
0.0
0.0
25.0
0.0
20.0
3.33333333333
27.2727272727
0.0
6.81818181818
0.0
31.25
0.0
22.7272727273
0.0
11.5384615385
0.0
20.5882352941
0.0
33.3333333333
43.75
2.27272727273
0.0
25.0
0.0
0.0
0.0
18.75
33.3333333333
37.5
13.6363636364
18.75
0.0
15.9090909091
0.0
7.89473684211
11.5384615385
31.25
21.4285714286
33.3333333333
10.8695652174
28.5714285714
16.6666666667
41.6666666667
0.0
18.1818181818
33.3333333333
0.0
0.0
25.0
23.5294117647
0.0
0.0
0.0
30.7692307692
0.0
0.0
21.4285714286
10.0
-50.0
41.6666666667
0.0
34.375
18.75
18.75
25.0
23.3333333333
58.3333333333
0.0
10.0
3.84615384615
7.89473684211
13.5593220339
8.33333333333
0.0
16.6666666667
0.0
28.5714285714
20.4545454545
25.0
13.6363636364
31.25
16.6666666667
23.3333333333
0.0
0.0
11.7647058824
31.8181818182
0.0
6.52173913043
0.0
0.0
-6.89655172414
0.0
0.0
50.0
55.5555555556
0.0
0.0
0.0
14.5833333333
25.0
15.0
0.0
50.0
12.5
0.0
10.0
10.0
0.0
31.25
0.0
0.0
18.75
5.55555555556
0.0
0.0
33.3333333333
19.4444444444
0.0
25.0
25.0
28.5714285714
30.0
0.0
10.7142857143
50.0
46.1538461538
2.38095238095
4.54545454545
0.0
0.0
15.0
2.38095238095
33.3333333333
0.0
11.5384615385
0.0
31.25
0.0
41.6666666667
36.3636363636
13.1578947368
0.0
42.8571428571
15.0
10.0
33.3333333333
31.25
10.0
34.2105263158
15.0
56.25
11.5384615385
16.6666666667
20.0
30.0
28.5714285714
11.1111111111
50.0
7.89473684211
19.2307692308
-100.0
0.0
21.4285714286
0.0
0.0
25.0
50.0
40.9090909091
0.0
0.0
21.4285714286
0.0
0.0
9.375
0.0
0.0
37.5
33.3333333333
0.0
18.75
26.9230769231
26.3157894737
0.0
0.0
0.0
0.0
50.0
0.0
0.0
0.0
25.0
16.6666666667
-150.0
7.5
41.6666666667
0.0
11.1111111111
17.8571428571
18.75
26.0
20.0
0.0
0.0
22.7272727273
-33.3333333333
14.7058823529
22.7272727273
0.0
0.0
9.52380952381
0.0
22.7272727273
0.0
16.6666666667
0.0
9.52380952381
25.0
4.16666666667
25.0
8.33333333333
0.0
10.7142857143
30.0
32.0
25.0
40.0
0.0
42.1052631579
18.1818181818
15.0
15.3846153846
16.6666666667
33.3333333333
15.2173913043
0.0
8.33333333333
0.0
41.6666666667
0.0
5.0
0.0
15.4811715481
0.0
8.57142857143
33.3333333333
0.0
50.0
6.81818181818
16.6666666667
22.2222222222
28.5714285714
58.3333333333
0.0
0.0
11.5384615385
18.75
8.33333333333
5.0
32.1428571429
0.0
40.625
0.0
33.3333333333
35.7142857143
13.6363636364
8.33333333333
0.0
5.0
0.0
0.0
30.0
15.3846153846
28.125
26.9230769231
0.0
0.0
14.2857142857
40.0
0.0
25.0
16.6666666667
0.0
17.6470588235
0.0
0.0
22.2222222222
25.0
35.7142857143
0.0
0.0
3.57142857143
28.5714285714
0.0
25.0
6.81818181818
0.0
0.0
0.0
0.0
12.5
29.3103448276
12.5
21.4285714286
9.375
0.0
0.0
20.5882352941
12.5
0.0
0.0
11.5384615385
-50.0
0.0
35.2941176471
12.5
9.52380952381
62.5
2.08333333333
50.0
0.0
12.5
30.7692307692
0.0
10.5263157895
0.0
0.0
17.8571428571
9.52380952381
35.2941176471
26.9230769231
0.0
33.3333333333
0.0
0.0
0.0
25.0
24.0
6.25
0.0
31.25
28.125
2.27272727273
33.3333333333
0.0
45.4545454545
-33.3333333333
58.3333333333
0.0
0.0
-25.0
16.6666666667
39.2857142857
0.0
10.0
0.0
50.0
0.0
36.3636363636
8.82352941176
26.6666666667
0.0
33.3333333333
20.0
-70.0
9.09090909091
37.5
0.0
25.0
0.0
0.0
25.0
14.2857142857
0.0
27.7777777778
0.0
0.0
17.5
33.3333333333
0.0
0.0
33.3333333333
16.6666666667
0.0
0.0
0.0
34.0909090909
0.0
0.0
20.0
0.0
10.0
14.2857142857
45.0
0.0
43.75
9.09090909091
0.0
41.6666666667
8.33333333333
50.0
0.0
0.0
0.0
50.0
0.0
0.0
0.0
37.5
0.0
16.6666666667
2.17391304348
19.4444444444
0.0
0.0
0.0
8.82352941176
0.0
21.875
0.0
18.75
0.0
25.0
0.0
0.0
0.0
21.4285714286
0.0
18.75
50.0
8.82352941176
0.0
33.3333333333
27.7777777778
10.5263157895
-13.3333333333
0.0
6.66666666667
29.1666666667
26.9230769231
46.6666666667
10.0
22.2222222222
0.0
12.5
26.0
0.0
17.7419354839
23.6842105263
25.0
0.0
0.0
0.0
11.5384615385
0.0
20.5882352941
0.0
16.6666666667
26.4705882353
0.0
0.0
0.0
0.0
13.3333333333
37.5
12.5
27.7777777778
8.33333333333
0.0
6.0
12.5
21.875
0.0
15.0
43.75
0.0
25.7142857143
4.16666666667
26.9230769231
0.0
0.0
0.0
46.6666666667
23.3333333333
25.0
37.5
-8.33333333333
-12.5
30.0
16.6666666667
0.0
25.0
28.5714285714
20.0
37.5
0.0
0.0
32.1428571429
10.0
14.5833333333
0.0
33.3333333333
28.125
0.0
0.0
34.2105263158
2.77777777778
21.2121212121
30.0
0.0
0.0
27.5
44.4444444444
20.0
9.375
0.0
12.5
0.0
31.8181818182
0.0
0.0
0.0
16.6666666667
8.82352941176
5.76923076923
37.5
18.4210526316
0.0
0.0
0.0
10.7142857143
2.0
33.3333333333
3.57142857143
22.5
20.0
50.0
0.0
15.0
38.8888888889
38.8888888889
0.0
33.7837837838
0.0
0.0
0.0
21.4285714286
22.7272727273
33.3333333333
30.0
2.63157894737
25.0
0.0
20.0
0.0
33.3333333333
0.0
0.0
33.3333333333
0.0
0.0
0.0
37.5
0.0
31.8181818182
14.2857142857
33.3333333333
0.0
0.0
0.0
11.9047619048
12.5
18.75
23.0769230769
0.0
18.75
0.0
3.33333333333
0.0
25.0
12.962962963
5.0
20.0
50.0
30.6451612903
-9.09090909091
25.0
0.0
23.3333333333
8.33333333333
0.0
10.7142857143
0.0
35.9375
21.4285714286
41.6666666667
19.2307692308
0.0
28.5714285714
25.0
1.92307692308
8.33333333333
18.75
0.0
33.3333333333
21.4285714286
23.0769230769
10.0
43.75
33.3333333333
0.0
0.0
14.2857142857
0.0
0.0
0.0
30.0
27.2727272727
15.7894736842
20.0
8.33333333333
23.8095238095
43.3333333333
0.0
31.25
0.0
0.0
27.2727272727
37.5
37.5
32.5
15.5172413793
0.0
15.0
35.0
0.0
33.3333333333
23.0769230769
28.5714285714
16.6666666667
13.7931034483
10.0
0.0
27.7777777778
30.0
0.0
25.0
3.33333333333
0.0
0.0
0.0
20.5882352941
18.75
7.40740740741
37.5
16.6666666667
5.1724137931
0.0
0.0
8.69565217391
0.0
33.3333333333
25.0
0.0
-83.3333333333
0.0
0.0
0.0
0.0
9.375
19.4444444444
0.0
31.25
0.0
25.0
0.0
0.0
0.0
28.5714285714
10.0
11.5384615385
0.0
15.0
17.5
0.0
0.0
0.0
33.3333333333
-25.0
9.25925925926
18.1818181818
0.0
6.0
0.0
54.5454545455
28.3333333333
37.5
0.0
13.6363636364
14.7058823529
40.9090909091
33.3333333333
11.1111111111
50.0
18.4210526316
2.0
0.0
33.3333333333
6.81818181818
10.7142857143
8.33333333333
25.0
0.0
0.0
0.0
0.0
10.0
37.5
23.2142857143
14.7058823529
3.33333333333
0.0
0.0
0.0
11.1111111111
0.0
0.0
0.0
0.0
46.4285714286
10.0
17.8571428571
29.6296296296
33.8235294118
0.0
13.6363636364
18.1818181818
0.0
2.38095238095
0.0
0.0
30.5555555556
0.0
15.2777777778
11.1111111111
0.0
0.0
0.0
0.0
12.5
0.0
26.6666666667
0.0
21.4285714286
0.0
0.0
0.0
31.8181818182
28.5714285714
28.3333333333
22.2222222222
39.2857142857
7.69230769231
0.0
50.0
0.0
18.75
5.0
0.0
0.0
26.9230769231
30.0
33.3333333333
25.0
38.4615384615
25.0
40.4761904762
18.75
30.0
9.375
20.0
0.0
9.375
0.0
42.8571428571
33.3333333333
0.0
25.0
0.0
0.0
22.2222222222
27.0833333333
0.0
46.875
5.26315789474
2.63157894737
0.0
12.5
26.9230769231
0.0
33.3333333333
30.0
0.0
21.4285714286
0.0
12.5
50.0
5.55555555556
0.0
3.125
37.5
8.82352941176
12.0
29.1666666667
1.85185185185
33.3333333333
0.0
0.0
0.0
0.0
22.2222222222
0.0
43.75
25.0
0.0
0.0
0.0
15.625
35.0
20.0
30.0
23.3333333333
-22.5
20.0
18.1818181818
26.9230769231
30.0
25.0
14.2857142857
0.0
30.0
0.0
33.3333333333
-5.55555555556
46.4285714286
37.5
0.0
10.0
16.6666666667
0.0
37.2340425532
16.6666666667
0.0
37.5
18.75
9.09090909091
0.0
20.5882352941
22.2222222222
0.0
0.0
2.38095238095
18.1818181818
14.2857142857
0.0
21.4285714286
0.0
18.0
19.2307692308
0.0
0.0
12.5
0.0
37.5
6.0
14.2857142857
0.0
16.6666666667
30.0
0.0
20.0
25.0
37.5
38.2352941176
0.0
37.5
0.0
37.5
2.5
2.94117647059
20.0
18.1818181818
40.0
0.0
25.0
29.3103448276
30.9523809524
0.0
21.875
25.0
13.6363636364
9.375
37.5
0.0
37.5
0.0
8.33333333333
45.8333333333
37.5
13.6363636364
0.0
0.0
0.0
30.0
37.5
0.0
10.7142857143
0.0
0.0
41.6666666667
0.0
0.0
16.6666666667
13.6363636364
37.5
0.0
18.75
0.0
39.2857142857
0.0
0.0
50.0
27.2727272727
0.0
12.5
0.0
0.0
33.3333333333
18.75
0.0
3.125
16.6666666667
25.0
0.0
28.9473684211
0.0
27.2727272727
16.6666666667
0.0
34.375
0.0
0.0
26.9230769231
0.0
22.7272727273
20.0
2.5
0.0
0.0
0.0
0.0
8.33333333333
0.0
0.0
16.6666666667
33.3333333333
6.25
22.2222222222
14.0625
22.7272727273
31.25
8.33333333333
8.33333333333
0.0
37.5
30.0
0.0
9.52380952381
11.7647058824
33.3333333333
0.0
0.0
0.0
0.0
44.4444444444
0.0
7.14285714286
34.7826086957
32.1428571429
32.5
14.8148148148
26.9230769231
16.6666666667
33.3333333333
0.0
5.55555555556
0.0
0.0
9.67741935484
3.57142857143
14.2857142857
16.0714285714
22.2222222222
0.0
0.0
0.0
5.35714285714
31.25
0.0
16.6666666667
0.0
0.0
25.0
31.25
10.0
44.6428571429
11.1111111111
0.0
0.0
17.5
2.88461538462
25.0
50.0
27.7777777778
0.0
15.0
20.0
20.0
0.0
3.57142857143
10.8695652174
0.0
19.5652173913
33.3333333333
37.5
-8.33333333333
0.0
0.0
25.0
20.0
33.3333333333
2.27272727273
0.0
25.0
32.6923076923
0.0
0.0
0.0
12.5
0.0
39.1891891892
0.0
5.55555555556
0.0
0.0
0.0
0.0
6.89655172414
0.0
0.0
0.0
8.82352941176
16.6666666667
11.1111111111
12.5
0.0
25.0
0.0
14.5833333333
26.7857142857
0.0
6.52173913043
0.0
33.3333333333
-36.4864864865
0.0
28.125
25.0
22.7272727273
41.6666666667
0.0
20.0
30.0
18.1818181818
-50.0
0.0
43.75
8.82352941176
15.0
10.0
33.3333333333
0.0
0.0
0.0
0.0
9.375
0.0
0.0
9.375
0.0
0.0
37.5
36.3636363636
20.5882352941
0.0
0.0
0.0
0.0
0.0
-60.0
0.0
14.0
27.2727272727
0.0
27.7777777778
0.0
25.0
21.4285714286
28.9473684211
22.2222222222
31.5789473684
42.8571428571
0.0
15.625
11.1111111111
8.33333333333
27.2727272727
20.0
0.0
0.0
25.0
19.0476190476
7.69230769231
36.3636363636
10.0
20.0
42.8571428571
13.6363636364
0.0
0.0
0.0
30.0
25.0
24.5283018868
0.0
0.0
0
0.0
11.3636363636
0.0
14.0
23.6842105263
30.4347826087
0.0
0.0
33.3333333333
13.3333333333
25.0
-14.2857142857
0.0
15.9090909091
13.6363636364
0.0
0.0
4.54545454545
11.5384615385
12.5
33.3333333333
0.0
6.25
40.0
11.5384615385
28.5714285714
9.09090909091
23.5294117647
15.7894736842
6.81818181818
41.6666666667
19.2307692308
29.1666666667
35.7142857143
33.3333333333
28.9473684211
19.2307692308
12.5
11.5384615385
0.0
6.25
0.0
0.0
0.0
25.0
0.0
23.9130434783
-8.33333333333
14.8148148148
0.0
28.5714285714
13.6363636364
21.0526315789
20.0
25.0
20.5882352941
0.0
14.0
6.25
22.5
50.0
30.0
0.0
0.0
32.3529411765
15.625
38.8888888889
28.5714285714
0.0
2.5
32.3529411765
12.5
11.5384615385
31.25
38.8888888889
4.54545454545
17.5
0.0
0.0
0.0
22.2222222222
31.25
26.4705882353
0.0
0.0
7.89473684211
35.7142857143
20.3703703704
38.4615384615
39.4736842105
10.0
0.0
19.4444444444
50.0
0.0
0.0
20.8333333333
25.0
19.5652173913
41.1764705882
0.0
21.4285714286
15.0
0.0
25.0
6.25
12.5
13.6363636364
30.7692307692
3.125
0.0
0.0
33.8709677419
0.0
10.7142857143
16.6666666667
35.2941176471
0.0
9.09090909091
5.55555555556
0.0
0.0
25.0
12.5
13.6363636364
33.3333333333
40.625
0.0
18.75
23.5294117647
-50.0
0.0
6.25
30.0
41.6666666667
0.0
33.3333333333
37.5
0.0
21.4285714286
2.94117647059
33.3333333333
23.5294117647
0.0
0.0
25.0
0.0
0.0
0.0
35.7142857143
33.3333333333
26.3157894737
21.4285714286
22.2222222222
30.7692307692
2.27272727273
44.6808510638
4.7619047619
0.0
22.2222222222
13.8888888889
33.3333333333
0.0
16.6666666667
50.0
0.0
11.1111111111
0.0
11.5384615385
0.0
0.0
0.0
0.0
22.7272727273
10.2941176471
17.3913043478
34.0909090909
0.0
0.0
23.8095238095
16.6666666667
0.0
21.4285714286
0.0
16.6666666667
33.3333333333
0.0
27.2727272727
0.0
0.0
0.0
15.0
0.0
35.7142857143
6.81818181818
13.6363636364
0
0.0
15.2173913043
8.33333333333
8.0
5.55555555556
18.75
0.0
9.52380952381
0.0
20.0
32.5
0.0
10.5263157895
34.6153846154
13.6363636364
0.0
25.0
11.9047619048
30.0
0.0
0.0
43.75
0.0
0.0
33.3333333333
6.0
40.0
0.0
10.5263157895
4.7619047619
32.1428571429
-20.0
15.9090909091
0.0
42.3076923077
29.4117647059
18.75
0.0
6.25
8.33333333333
0.0
0.0
25.0
32.3529411765
18.75
0.0
0.0
28.125
0.0
50.0
37.5
12.5
23.8095238095
23.0769230769
0.0
0.0
0.0
14.2857142857
20.0
22.2222222222
0.0
0.0
37.5
25.0
13.4615384615
9.09090909091
15.7894736842
16.6666666667
-112.5
0.0
0.0
0.0
20.0
28.5714285714
14.2857142857
8.82352941176
0.0
6.52173913043
0.0
7.69230769231
0.0
21.4285714286
0.0
0.0
0.0
18.1818181818
50.0
0.0
0.0
0.0
3.57142857143
0.0
26.4705882353
0.0
0.0
38.4615384615
22.7272727273
26.5625
35.0
18.75
30.7692307692
33.3333333333
0.0
0.0
14.8148148148
13.6363636364
-433.333333333
22.5
0.0
20.8333333333
24.3243243243
20.0
8.82352941176
16.6666666667
17.6470588235
0.0
50.0
0.0
0.0
29.1666666667
44.4444444444
14.2857142857
8.33333333333
-12.5
42.5
34.6153846154
30.4347826087
13.8888888889
0.0
1.61290322581
16.6666666667
21.4285714286
21.4285714286
18.75
30.7692307692
0.0
0.0
0.0
0.0
0.0
25.0
0.0
30.0
15.0
15.625
8.33333333333
-100.0
25.0
0.0
12.5
25.0
0.0
31.25
10.7142857143
0.0
12.5
38.8888888889
0.0
25.0
21.4285714286
0.0
40.9090909091
0.0
0.0
13.0434782609
0.0
0.0
25.0
31.25
15.0
50.0
0.0
0.0
30.0
0.0
4.54545454545
0.0
0.0
50.0
18.75
38.4615384615
0.0
33.3333333333
0.0
0.0
0.0
13.6363636364
11.1111111111
8.33333333333
0.0
0.0
12.5
21.4285714286
0.0
-27.2727272727
40.9090909091
50.0
0.0
14.2857142857
38.6363636364
30.0
28.8461538462
0.0
30.0
0.0
11.1111111111
21.4285714286
27.2727272727
5.76923076923
0.0
3.57142857143
42.8571428571
25.0
7.14285714286
15.7407407407
0.0
8.33333333333
30.7692307692
20.0
19.2307692308
27.2727272727
0.0
0.0
30.0
0.0
12.5
0.0
25.0
23.3333333333
33.3333333333
16.6666666667
9.52380952381
14.2857142857
50.0
8.82352941176
0.0
9.09090909091
7.89473684211
15.3846153846
26.6666666667
25.0
0.0
0.0
0.0
0.0
28.125
0.0
0.0
0.0
3.125
27.7777777778
35.0
20.8333333333
23.9130434783
33.8235294118
0.0
39.2857142857
0.0
16.6666666667
35.2941176471
2.38095238095
25.0
23.0769230769
-33.3333333333
21.4285714286
25.0
45.0
0.0
31.25
15.0
7.5
16.6666666667
0.0
22.2222222222
15.0
7.14285714286
0.0
33.3333333333
12.5
37.5
14.2857142857
37.5
10.7142857143
9.375
3.125
37.5
0.0
9.09090909091
0.0
-25.0
11.5384615385
0.0
15.3846153846
37.5
1.25
33.3333333333
4.7619047619
25.0
0.0
17.6470588235
0.0
15.7894736842
0.0
0.0
8.82352941176
37.5
0.0
25.0
7.14285714286
27.2727272727
25.0
30.5555555556
0.0
7.14285714286
17.5
16.6666666667
11.7647058824
11.1111111111
33.3333333333
0.0
0.0
16.6666666667
9.375
37.5
0.0
-44.6428571429
0.0
25.0
32.1428571429
37.5
35.7142857143
20.0
41.6666666667
0.0
20.5882352941
40.0
9.52380952381
15.0
36.9565217391
28.125
30.7692307692
-200.0
34.7826086957
28.8461538462
0.0
40.0
50.0
6.25
31.25
0.0
40.0
12.5
14.2857142857
0.0
0.0
8.82352941176
0.0
0.0
0.0
0.0
0.0
0.0
24.0740740741
7.14285714286
8.33333333333
0.0
0.0
0.0
11.1111111111
17.6470588235
0.0
0.0
0.0
0.0
2.77777777778
23.5294117647
0.0
33.3333333333
27.7777777778
12.5
9.375
4.7619047619
33.3333333333
0.0
22.7272727273
0.0
50.0
0.0
16.6666666667
33.3333333333
21.4285714286
17.5
33.3333333333
0.0
0.0
27.7777777778
23.9130434783
33.3333333333
0.0
0.0
38.2352941176
32.1428571429
-5.76923076923
0.0
31.25
0.0
50.0
13.1578947368
62.5
19.2307692308
9.52380952381
50.0
0.0
0.0
35.8974358974
0.0
9.375
22.7272727273
25.0
0.0
25.0
2.77777777778
14.2857142857
14.2857142857
0.0
0.0
13.0434782609
14.2857142857
35.7142857143
12.0
15.3846153846
25.0
34.2105263158
27.2727272727
22.7272727273
7.14285714286
0.0
40.0
0.0
36.3636363636
8.82352941176
36.6666666667
6.0
0.0
0.0
18.1818181818
7.5
6.66666666667
15.0
0.0
0.0
15.0
0.0
16.6666666667
0.0
0.0
19.4444444444
30.0
16.6666666667
29.1666666667
21.4285714286
35.7142857143
0.0
0.0
0.0
0.0
41.6666666667
0.0
0.0
0.0
9.375
0.0
-50.0
0.0
0.0
0.0
0.0
21.4285714286
12.5
0.0
25.0
2.77777777778
3.57142857143
33.3333333333
27.2727272727
7.14285714286
0.0
5.26315789474
3.57142857143
34.6153846154
33.3333333333
23.5294117647
0.0
33.3333333333
0.0
-25.0
40.9090909091
20.8333333333
28.125
28.5714285714
5.55555555556
20.0
50.0
34.6153846154
0.0
0.0
40.0
37.5
0.0
0.0
20.0
0.0
10.5263157895
25.0
0.0
0.0
21.4285714286
0.0
0.0
0.0
26.6666666667
0.0
25.0
0.0
11.5384615385
22.2222222222
22.2222222222
5.0
0.0
16.6666666667
0.0
40.625
0.0
0.0
25.0
0.0
0.0
27.7777777778
24.0740740741
0.0
36.3636363636
10.3448275862
43.75
15.9090909091
0.0
7.14285714286
18.2926829268
50.0
28.5714285714
21.4285714286
7.69230769231
37.5
5.55555555556
1.33928571429
0.0
37.5
8.33333333333
25.0
0.0
26.4705882353
0.0
33.3333333333
10.0
2.77777777778
0.0
10.0
0.0
11.7647058824
12.5
9.375
15.4320987654
0.0
0.0
5.88235294118
-64.2857142857
25.0
23.0769230769
30.9523809524
0.0
14.2857142857
22.7272727273
2.94117647059
29.4117647059
0.0
12.5
50.0
32.3529411765
0.0
0.0
7.14285714286
11.3636363636
0.0
23.3333333333
22.2222222222
0.0
27.2727272727
6.52173913043
40.0
0.0
0.0
5.40540540541
25.0
0.0
25.0
33.3333333333
0.0
0.0
0.0
0.0
0.0
19.2307692308
25.0
0.0
8.33333333333
33.3333333333
31.8181818182
8.82352941176
0.0
21.4285714286
0.0
0.0
0.0
34.0909090909
35.0
10.0
0.0
0.0
20.7317073171
20.0
0.0
0.0
19.0476190476
33.3333333333
0.0
0.0
20.0
21.875
0.0
0.0
19.4444444444
0.0
0.0
4.7619047619
21.4285714286
0.0
12.5
0.0
25.0
9.09090909091
25.0
0.0
39.2857142857
0.0
33.3333333333
16.6666666667
3.26086956522
3.33333333333
25.0
17.5
0.0
0.0
0.0
0.0
5.0
33.3333333333
37.5
5.88235294118
0.0
35.0
15.625
25.0
0.0
25.0
20.8333333333
39.1304347826
0.0
37.5
0.0
13.1578947368
0.0
0.0
20.0
25.0
0.0
10.0
20.0
0.0
28.5714285714
4.16666666667
35.0
3.57142857143
0.0
25.9259259259
0.0
0.0
33.3333333333
0.0
22.2222222222
2.94117647059
0.0
17.3076923077
32.3529411765
-16.6666666667
0.0
0.0
37.5
0.0
27.2727272727
-50.0
0.0
0.0
0.0
0.0
18.75
11.5384615385
20.0
0.0
2.94117647059
6.06060606061
20.8333333333
0.0
0.0
21.4285714286
0.0
0.0
0.0
-33.3333333333
0.0
50.0
35.0
0.0
0.0
0.0
0.0
37.5
5.26315789474
4.16666666667
37.5
0.0
16.6666666667
-12.5
0.0
12.5
22.9166666667
7.89473684211
0.0
0.0
0.0
11.3636363636
0.0
13.6363636364
14.2857142857
0.0
0.0
0.0
15.0
31.8181818182
20.8333333333
0.0
14.2857142857
20.0
28.5714285714
0.0
0.0
0.0
17.8571428571
30.0
26.25
0.0
0.0
0.0
0.0
23.3333333333
0.0
21.4285714286
18.75
37.5
16.6666666667
5.1724137931
2.5
22.7272727273
17.8571428571
0.0
29.1666666667
0.0
0.0
0.0
10.0
0.0
0.0
0.0
42.1052631579
33.3333333333
-9.09090909091
0.0
0.0
0.0
0.0
26.4705882353
0.0
42.8571428571
0.0
21.4285714286
35.4166666667
39.2857142857
33.3333333333
31.8181818182
6.66666666667
9.375
68.75
0.0
12.5
18.75
0.0
41.6666666667
18.4210526316
28.5714285714
25.0
0.0
-5.0
28.5714285714
50.0
0.0
0.0
0.0
0.0
0.0
33.3333333333
37.5
10.3448275862
0.0
0.0
18.75
0.0
2.5
0.0
37.5
30.0
12.5
0.0
0.0
17.6470588235
0.0
8.33333333333
6.25
37.5
-25.0
0.0
-16.6666666667
14.2857142857
33.3333333333
20.8333333333
25.0
37.5
25.0
35.7142857143
30.0
5.55555555556
50.0
0.0
0.0
0.0
0.0
28.125
11.7647058824
16.6666666667
10.0
0.0
75.0
0.0
41.6666666667
13.7931034483
0.0
0.0
0.0
18.75
43.75
38.8888888889
38.8888888889
0.0
25.0
25.0
22.2222222222
40.625
0.0
0.0
0.0
36.3636363636
33.3333333333
15.0
25.0
34.0909090909
25.0
0.0
0.0
0.0
5.55555555556
0.0
8.33333333333
6.81818181818
0.0
19.4444444444
50.0
0.0
-50.0
28.5714285714
18.4210526316
35.0
43.75
33.3333333333
-181.25
36.3636363636
25.0
18.1818181818
0.0
-12.5
0.0
0.0
15.0
0.0
30.0
25.0
7.5
32.5
40.9090909091
16.6666666667
26.4705882353
25.0
8.82352941176
16.6666666667
22.7272727273
10.0
8.33333333333
12.5
21.4285714286
10.0
23.5294117647
16.6666666667
0.0
5.88235294118
4.41176470588
32.1428571429
32.1428571429
10.5263157895
1.85185185185
0.0
44.4444444444
13.1578947368
-125.0
8.33333333333
0.0
33.8235294118
0.0
26.4705882353
16.6666666667
37.5
12.5
13.3333333333
18.75
41.6666666667
25.0
0.0
25.0
0.0
33.3333333333
0.0
31.25
43.4782608696
13.6363636364
32.1428571429
2.94117647059
0.0
0.0
28.5714285714
9.52380952381
0.0
7.14285714286
0.0
37.5
10.7142857143
0.0
18.0
21.4285714286
31.8181818182
0.0
13.6363636364
0.0
8.33333333333
21.4285714286
4.05405405405
0.0
28.9473684211
25.0
0.0
0.0
25.0
28.5714285714
4.16666666667
0.0
33.3333333333
0.0
37.5
0.0
16.6666666667
11.5384615385
0.0
24.1379310345
8.82352941176
11.5384615385
9.375
12.5
0.0
0.0
27.7777777778
-25.0
0.0
9.52380952381
40.9090909091
25.0
0.0
33.3333333333
0.0
0.0
2.94117647059
41.6666666667
33.3333333333
0.0
11.1111111111
10.0
22.2222222222
33.3333333333
30.3571428571
15.3846153846
17.2413793103
22.5
0.0
0.0
50.0
0.0
0.0
41.4634146341
33.3333333333
0.0
35.7142857143
30.8823529412
0.0
45.4545454545
33.3333333333
0.0
0.0
0.0
37.5
8.33333333333
16.6666666667
0.0
23.8095238095
26.1904761905
0.0
0.0
0.0
32.5
0.0
20.0
-25.0
25.0
0.0
35.0
45.4545454545
28.5714285714
50.0
0.0
0.0
0.0
0.0
0.0
13.6363636364
0.0
16.6666666667
0.0
10.0
0.0
21.0526315789
0.0
21.875
4.34782608696
0.0
0.0
8.33333333333
0.0
0.0
0.0
16.6666666667
0.0
28.5714285714
6.94444444444
0.0
0.0
0.0
32.3529411765
0.0
22.5
11.3636363636
29.4117647059
0.0
8.82352941176
31.5789473684
25.0
20.0
0.0
0.0
42.3076923077
43.75
21.875
12.5
17.0454545455
0.0
20.4545454545
0.0
0.0
27.7777777778
38.8888888889
16.6666666667
7.69230769231
33.3333333333
0.0
0.0
0.0
0.0
31.8181818182
21.4285714286
34.6153846154
0.0
27.7777777778
0.0
41.6666666667
21.4285714286
36.6666666667
17.3913043478
37.5
8.33333333333
0.0
0.0
0.0
0.0
7.89473684211
20.8333333333
25.9259259259
27.0833333333
30.0
8.82352941176
8.33333333333
0.0
14.2857142857
25.0
10.7142857143
11.5384615385
14.2857142857
25.0
50.0
42.8571428571
0.0
8.33333333333
6.81818181818
7.89473684211
27.0833333333
9.375
0.0
0.0
41.6666666667
30.0
0.0
0.0
10.7142857143
30.7692307692
0.0
41.6666666667
11.5384615385
0.0
16.6666666667
46.4285714286
2.85714285714
2.63157894737
37.5
0.0
0.0
21.1538461538
0.0
45.0
37.5
21.4285714286
0.0
0.0
0.0
0.0
15.7894736842
0.0
0.0
0.0
16.6666666667
27.7777777778
0.0
29.1666666667
0.0
14.5833333333
13.6363636364
10.8108108108
0.0
20.8333333333
26.4705882353
6.25
0.0
28.5714285714
25.0
0.0
14.2857142857
0.0
12.5
0.0
15.3846153846
0.0
7.14285714286
20.8333333333
0.0
38.8888888889
0.0
20.0
20.0
45.8333333333
0.0
29.1666666667
8.13953488372
28.5714285714
37.5
12.5
0.0
0.0
0.0
20.4545454545
25.0
44.4444444444
54.5454545455
35.0
0.0
0.0
0
4.7619047619
6.25
5.0
0.0
8.33333333333
20.0
15.0
16.6666666667
50.0
28.5714285714
18.75
2.0
26.4705882353
2.38095238095
35.7142857143
5.0
25.0
30.0
28.5714285714
-28.5714285714
0.0
0.0
0.0
18.1102362205
25.0
0.0
-25.0
13.3333333333
0.0
0.0
0.0
8.92857142857
2.63157894737
0.0
37.5
0
12.5
0.0
13.6363636364
36.1111111111
10.7142857143
0.0
45.4545454545
21.4285714286
20.0
6.25
34.6153846154
31.25
0.0
0.0
30.0
0.0
41.6666666667
0.0
25.0
18.75
15.625
0.0
11.5384615385
0.0
0.0
0.0
0.0
0.0
22.2222222222
50.0
18.1818181818
16.6666666667
0.0
-3.84615384615
0.0
10.7142857143
18.1818181818
7.5
0.0
13.75
16.6666666667
0.0
0.0
6.81818181818
2.38095238095
0.0
7.89473684211
9.09090909091
6.25
13.6363636364
0.0
0.0
0.0
0.0
37.5
35.0
0.0
28.125
10.7142857143
10.5263157895
11.1111111111
2.5
0.0
31.8181818182
2.77777777778
0.0
2.08333333333
11.1111111111
16.6666666667
10.0
27.7777777778
2.12765957447
11.1111111111
0.0
0.0
0.0
3.125
0.0
10.0
10.0
35.7142857143
35.7142857143
0.0
0.0
0.0
31.5789473684
-75.0
28.5714285714
36.3636363636
0.0
-16.6666666667
33.3333333333
-25.0
50.0
10.0
5.55555555556
30.0
7.14285714286
7.5
0.0
0.0
21.4285714286
22.7272727273
0.0
12.5
0.0
43.75
0.0
14.2857142857
0.0
17.5
0.0
9.375
27.2727272727
0.0
16.6666666667
0.0
16.6666666667
0.0
23.0769230769
0.0
12.5
0.0
35.7142857143
50.0
23.8095238095
1.85185185185
2.77777777778
0.0
0.0
30.9523809524
0.0
25.0
4.16666666667
14.7058823529
0.0
0.0
23.8095238095
11.9047619048
11.5384615385
8.82352941176
20.0
2.94117647059
29.4117647059
20.5882352941
25.0
4.34782608696
35.7142857143
0.0
16.6666666667
0.0
5.55555555556
0.0
0.0
0.0
0.0
15.0
25.0
5.55555555556
0.0
0.0
7.5
-6.25
28.5714285714
27.7777777778
6.25
28.5714285714
20.0
0.0
7.14285714286
26.9230769231
7.5
4.54545454545
12.5
34.6153846154
45.0
38.0952380952
0.0
0.0
23.3333333333
16.6666666667
40.9090909091
18.1818181818
10.0
10.0
21.4285714286
14.7058823529
1.72413793103
0.0
0.0
0.0
4.83870967742
0.0
21.875
0.0
31.8181818182
36.3636363636
50.0
16.0714285714
30.6034482759
24.2424242424
20.0
18.75
0.0
4.16666666667
33.3333333333
25.0
0.0
27.7777777778
9.52380952381
0.0
0.0
0.0
25.0
23.3333333333
0.0
28.9473684211
7.89473684211
15.0
10.0
0.0
22.7272727273
29.1666666667
37.5
26.4705882353
0.0
25.0
0.0
28.9473684211
1.85185185185
0.0
14.7727272727
0.0
0.0
25.0
12.5
0.0
6.66666666667
21.4285714286
7.14285714286
4.6875
15.7894736842
0.0
20.0
0.0
23.0769230769
0.0
35.4166666667
0.0
30.9523809524
0.0
25.0
23.0769230769
28.125
8.0
0.0
7.14285714286
23.3333333333
25.0
20.5882352941
0.0
10.0
18.4210526316
7.31707317073
12.5
0.0
0.0
35.2941176471
0.0
20.0
0.0
14.8936170213
10.0
35.0
16.1764705882
0.0
0.0
16.6666666667
29.6875
29.4117647059
25.0
20.0
21.4285714286
40.9090909091
28.5714285714
33.3333333333
50.0
6.0
20.8333333333
0.0
31.25
19.6875
10.0
0.0
27.5
34.375
50.0
3.48837209302
0.0
37.5
16.6666666667
27.2727272727
0.0
7.5
25.0
-60.0
20.0
25.0
9.43396226415
25.0
4.7619047619
0.0
42.5
0.0
0.0
17.3076923077
0.0
0.0
12.5
6.81818181818
0.0
0.0
35.7142857143
3.26086956522
16.6666666667
8.92857142857
0.0
0.0
0.0
14.2857142857
30.7692307692
16.6666666667
0.0
33.3333333333
0.0
0.0
27.2727272727
39.1304347826
0.0
22.2222222222
26.6666666667
41.6666666667
0.0
20.8333333333
6.52173913043
0.0
33.3333333333
30.0
-62.5
18.75
15.0
-19.2307692308
12.0
2.0
10.0
6.66666666667
40.0
0.0
22.2222222222
0.0
22.9166666667
31.5789473684
27.2727272727
12.5
0.0
0.0
0.0
11.5384615385
21.875
0.0
37.5
21.0526315789
25.0
0.0
11.1111111111
0.0
25.0
14.2857142857
25.0
15.0
4.49438202247
0.0
20.5882352941
26.1904761905
20.0
20.0
33.3333333333
21.1538461538
7.14285714286
0.0
16.6666666667
3.84615384615
33.3333333333
30.0
0.0
21.4285714286
4.54545454545
13.6363636364
0.0
0.0
10.7142857143
9.09090909091
0.0
0.0
12.5
46.4285714286
2.27272727273
32.1428571429
0.0
31.8181818182
13.6363636364
22.2222222222
-11.1111111111
0.0
0
13.6363636364
-7.89473684211
25.0
0.0
33.3333333333
0.0
58.3333333333
22.7272727273
8.82352941176
13.6363636364
4.16666666667
0.0
6.0
31.25
30.0
23.0769230769
0.0
18.0
0.0
0.0
0.0
16.6666666667
3.125
34.6153846154
0.0
0.0
10.0
0.0
16.6666666667
0.0
27.5
25.0
9.375
7.5
29.1666666667
16.6666666667
27.2727272727
31.5789473684
29.1666666667
50.0
0.0
0.0
16.6666666667
36.3636363636
0.0
0.0
25.0
10.0
17.5
0.0
27.2727272727
5.26315789474
4.7619047619
22.2222222222
16.6666666667
0.0
0.0
0
26.9230769231
7.89473684211
0.0
23.0769230769
-8.33333333333
45.0
30.0
0.0
9.57446808511
18.75
0.0
18.9655172414
21.4285714286
0.0
0.0
11.7647058824
20.4545454545
37.5
0.0
0.0
22.2222222222
23.3333333333
19.2307692308
23.6842105263
17.8571428571
0.0
0.0
0.0
-43.75
20.0
0.0
7.69230769231
31.25
0.0
28.5714285714
16.6666666667
33.3333333333
6.25
0.0
0.0
45.2380952381
20.5882352941
0.0
11.5384615385
5.76923076923
35.0
15.3846153846
1.92307692308
29.4117647059
0.0
7.14285714286
0.0
18.75
22.7272727273
0.0
50.0
30.0
13.3333333333
38.4615384615
14.2857142857
45.0
10.5263157895
0.0
14.2857142857
22.7272727273
0.0
16.6666666667
26.9230769231
0.0
31.25
0.0
0.0
0.0
27.7777777778
22.7272727273
0.0
4.6875
18.1818181818
0.0
11.5384615385
0.0
25.0
0.0
4.6875
0.0
0.0
22.7272727273
3.33333333333
0.0
22.9166666667
35.7142857143
30.0
0.0
0.0
15.3846153846
0.0
11.5384615385
0.0
0.0
11.5384615385
43.3333333333
0.0
0.0
21.875
0.0
30.0
16.6666666667
16.6666666667
23.3333333333
40.0
0.0
15.0
37.5
25.0
13.6363636364
-38.8888888889
0.0
0.0
0.0
0.0
27.2727272727
18.75
1.85185185185
25.0
0.0
33.3333333333
25.0
53.125
0.0
0.0
7.69230769231
9.09090909091
32.1428571429
0.0
50.0
0.0
0.0
0.0
0.0
17.6470588235
7.14285714286
30.0
0.0
10.0
37.5
3.125
21.4285714286
38.2352941176
0.0
20.4545454545
23.8095238095
0.0
28.125
7.5
25.0
0.0
0.0
0.0
12.962962963
30.0
24.0
25.0
0.0
17.3913043478
37.5
4.05405405405
0.0
27.2727272727
-50.0
12.5
10.0
0.0
29.6296296296
0.0
0.0
19.4444444444
27.2727272727
0.0
27.4193548387
31.8181818182
20.0
23.3333333333
0.0
21.4285714286
0.0
26.5625
13.6363636364
25.0
15.3846153846
29.1666666667
34.7826086957
0.0
25.5319148936
37.5
20.8333333333
8.82352941176
20.3703703704
0.0
0.0
0.0
0.0
0.0
16.6666666667
0.0
20.0
23.0769230769
0.0
18.75
26.3157894737
0.0
50.0
34.2105263158
26.6666666667
41.6666666667
27.5
0.0
0.0
34.6153846154
37.5
13.3333333333
18.1818181818
16.6666666667
0.0
12.5
0.0
25.0
0.0
33.3333333333
9.09090909091
25.0
31.25
20.0
0.0
40.4761904762
10.0
17.6470588235
9.375
0.0
18.6046511628
0.0
0.0
8.33333333333
16.1764705882
0.0
30.0
15.0
0.0
27.2727272727
0.0
17.6470588235
0.0
0.0
44.7368421053
36.6666666667
0.0
0.0
6.0
50.0
30.0
43.75
50.0
0.0
21.0526315789
21.4285714286
50.0
0.0
31.25
-175.0
37.5
10.0
0.0
33.3333333333
0.0
5.26315789474
26.0869565217
37.5
14.8148148148
16.6666666667
0
0.0
3.125
46.875
35.7142857143
0.0
30.0
12.5
12.5
25.0
23.0769230769
23.6111111111
23.9130434783
10.0
20.0
11.1111111111
5.0
7.14285714286
20.0
0.0
0.0
16.6666666667
0.0
0.0
9.375
4.16666666667
0.0
12.5
14.2857142857
0.0
33.3333333333
42.3076923077
21.4285714286
23.0769230769
41.6666666667
16.6666666667
7.5
25.0
27.5862068966
0.0
37.5
4.28571428571
20.0
10.8695652174
37.5
21.4285714286
31.25
7.5
39.2857142857
12.5
16.6666666667
12.5
12.5
0.0
6.25
0.0
0.0
27.2727272727
0.0
0.0
25.0
0.0
12.5
0.0
0.0
27.7777777778
4.34782608696
37.5
25.0
13.8888888889
33.3333333333
19.2307692308
0.0
8.33333333333
0.0
0.0
12.5
22.7272727273
16.6666666667
8.82352941176
32.1428571429
0.0
0.0
11.7647058824
0.0
11.5384615385
33.3333333333
-25.0
0.0
34.2105263158
25.0
4.83870967742
0.0
0.0
20.0
27.2727272727
0.0
8.33333333333
0.0
6.89655172414
33.3333333333
0.0
0.0
0.0
20.0
0.0
36.3636363636
7.89473684211
0.0
-20.0
50.0
0.0
0.0
0.0
16.6666666667
0.0
18.1818181818
13.6363636364
41.6666666667
0.0
45.4545454545
20.8333333333
32.3529411765
20.8333333333
23.8095238095
35.7142857143
0.0
0.0
0.0
14.2857142857
7.14285714286
0.0
30.0
30.7692307692
0.0
0.0
5.0
41.6666666667
32.7586206897
22.7272727273
0.0
18.4210526316
25.0
40.0
7.89473684211
33.3333333333
21.4285714286
20.0
0.0
20.0
10.0
52.7777777778
6.52173913043
0.0
38.8888888889
26.0869565217
0.0
33.3333333333
21.4285714286
5.0
0.0
0.0
-125.0
15.7894736842
13.6363636364
25.0
15.9090909091
23.3333333333
50.0
0.0
15.9090909091
14.7058823529
33.3333333333
0.0
15.0
0.0
0.0
0.0
3.40909090909
0.0
0.0
0.0
15.0
12.5
33.3333333333
12.5
9.375
0.0
0.0
14.2857142857
0.0
0.0
0.0
31.8181818182
0
18.75
0.0
18.75
21.4285714286
0.0
0.0
0.0
18.75
37.5
4.83870967742
30.0
31.5789473684
22.7272727273
0.0
0.0
18.1818181818
36.3636363636
20.8333333333
6.81818181818
0.0
6.81818181818
26.3157894737
0.0
30.8823529412
35.7142857143
37.5
0.0
0.0
25.0
0.0
14.2857142857
0
25.0
2.17391304348
0.0
6.06060606061
0.0
0.0
0.0
41.6666666667
0.0
14.2857142857
0.0
25.0
25.0
0.0
50.0
20.5882352941
0.0
0.0
27.2727272727
20.0
17.3913043478
0.0
0.0
0.0
27.5
0.0
25.0
3.84615384615
0.0
13.6363636364
22.9166666667
33.3333333333
50.0
-10.0
30.0
16.6666666667
8.33333333333
34.0
10.0
38.4615384615
20.0
0.0
41.6666666667
28.5714285714
37.037037037
33.3333333333
0.0
11.7647058824
0.0
0.0
13.3333333333
12.5
0.0
9.52380952381
34.6153846154
30.0
0.0
36.7647058824
37.5
41.6666666667
4.16666666667
40.0
0.0
0.0
0.0
0.0
0.0
25.0
1.5625
16.6666666667
31.25
0.0
0.0
25.0
30.0
0.0
26.0
0.0
11.5384615385
13.6363636364
0.0
33.3333333333
16.6666666667
35.7142857143
34.0909090909
18.75
5.55555555556
0.0
25.0
20.8333333333
0.0
0
0.0
0.0
21.875
39.2857142857
41.6666666667
0.0
0.0
30.0
5.55555555556
0.0
16.6666666667
26.9230769231
0.0
2.77777777778
0.0
0.0
21.4285714286
4.28571428571
0.0
0.0
34.7222222222
11.5384615385
9.67741935484
0.0
0.0
0.0
0.0
17.6470588235
26.6666666667
0.0
0.0
22.2222222222
29.4117647059
30.0
0.0
10.2941176471
19.0476190476
50.0
22.0
16.6666666667
50.0
27.2727272727
30.0
0.0
0.0
0.0
32.1428571429
6.81818181818
21.875
0.0
25.0
22.5
30.5555555556
0.0
9.09090909091
0.0
33.3333333333
57.1428571429
6.52173913043
0.0
37.5
0.0
0.0
0.0
0.0
33.3333333333
0.0
0.0
19.512195122
0.0
14.1025641026
5.55555555556
6.25
26.1904761905
27.5
7.89473684211
0.0
27.5
0.0
0.0
13.6363636364
43.3333333333
6.25
34.375
26.0869565217
19.0476190476
25.0
46.6666666667
15.625
14.2857142857
37.5
37.5
0.0
23.5294117647
25.0
26.3157894737
29.1666666667
25.0
41.6666666667
26.6666666667
0.0
0.0
0.0
0.0
30.0
0.0
8.69565217391
0.0
11.1111111111
0.0
0.0
33.3333333333
0.0
19.2307692308
15.0
31.5789473684
22.5
60.0
30.0
25.0
0.0
12.5
0.0
0.0
8.33333333333
26.3157894737
21.4285714286
45.0
32.1428571429
27.2727272727
0.0
28.125
0.0
1.61290322581
20.5882352941
0.0
-16.6666666667
10.8695652174
0.0
0.0
0.0
21.4285714286
3.57142857143
7.69230769231
0.0
13.75
25.0
0.0
20.0
0.0
0.0
1.78571428571
1.92307692308
0.0
0.0
16.6666666667
10.0
21.4285714286
30.0
22.2222222222
16.6666666667
21.4285714286
25.0
22.2222222222
11.3636363636
0.0
30.0
23.9130434783
18.75
8.33333333333
9.3023255814
0.0
0.0
18.1818181818
25.5813953488
0.0
30.7692307692
0.0
6.81818181818
9.67741935484
12.962962963
44.4444444444
1.61290322581
13.3333333333
0.0
0.0
0.0
0.0
0.0
8.33333333333
33.3333333333
0.0
35.0
38.8888888889
23.0769230769
27.2727272727
41.6666666667
20.0
25.0
33.3333333333
35.1851851852
11.1111111111
33.3333333333
20.0
33.3333333333
20.0
30.0
25.0
28.5714285714
41.6666666667
14.2857142857
0.0
0.0
0.0
16.6666666667
0.0
0.0
56.6666666667
16.6666666667
14.5161290323
0.0
0.0
29.1666666667
25.0
25.0
0.0
4.6875
0.0
0.0
38.2352941176
5.55555555556
0.0
0.0
29.1666666667
15.0
0.0
33.3333333333
0.0
10.0
30.0
0.0
0.0
17.6470588235
33.3333333333
12.5
0.0
6.25
0.0
19.696969697
27.2727272727
18.75
31.0
20.0
0.0
6.66666666667
27.5
17.6470588235
18.75
31.8181818182
30.0
0.0
32.5
0.0
0.0
25.0
15.0
0.0
12.5
0.0
9.375
0.0
17.5675675676
10.0
33.3333333333
40.0
9.09090909091
27.2727272727
0.0
0.0
25.0
27.5
12.5
27.2727272727
32.8947368421
25.0
0.0
41.6666666667
17.5
13.8888888889
0.0
0.0
10.0
18.0
11.1111111111
0.0
32.2580645161
0.0
39.6551724138
7.89473684211
11.9047619048
25.0
13.0434782609
0.0
15.7894736842
23.3333333333
33.3333333333
21.4285714286
10.7142857143
6.06060606061
25.0
28.2608695652
15.0
6.25
0.0
15.3846153846
7.89473684211
13.6363636364
16.6666666667
4.7619047619
0.0
0.0
14.7058823529
0.0
9.09090909091
0.0
8.33333333333
21.4285714286
5.0
0.0
27.7777777778
0.0
25.0
0.0
10.0
0.0
0.0
29.4117647059
20.8333333333
12.5
0.0
27.2727272727
16.6666666667
0.0
28.125
0.0
0.0
4.41176470588
0.0
0.0
20.8333333333
11.3636363636
13.6363636364
0.0
0.0
26.4705882353
15.3846153846
21.4285714286
0.0
0.0
0.0
0.0
17.3913043478
6.66666666667
0.0
10.0
5.0
0.0
16.6666666667
0.0
4.7619047619
11.7647058824
18.75
23.6111111111
42.3076923077
18.75
45.0
15.625
7.14285714286
6.25
0.0
38.2352941176
20.0
0.0
12.5
22.7272727273
0.0
1.92307692308
33.3333333333
19.2307692308
40.0
17.2413793103
0.0
18.75
0.0
0.0
10.0
16.6666666667
50.0
0.0
9.52380952381
36.3636363636
0.0
38.2352941176
0.0
27.7777777778
7.14285714286
30.0
33.3333333333
37.5
0.0
33.3333333333
15.625
21.4285714286
41.6666666667
38.4615384615
31.25
12.5
41.6666666667
11.1111111111
30.0
25.0
0.0
11.5384615385
27.5
0.0
0.0
25.0
14.2857142857
0.0
0.0
0.0
16.6666666667
27.2727272727
25.0
0.0
0.0
41.6666666667
20.0
22.2222222222
16.0714285714
27.7777777778
10.0
0.0
0.0
26.9230769231
0.0
28.9473684211
15.0
11.7647058824
0.0
12.5
18.75
33.3333333333
18.75
0.0
25.0
33.3333333333
0.0
12.5
0.0
0.0
0.0
3.84615384615
0.0
16.6666666667
0.0
23.3333333333
36.3636363636
0.0
25.0
16.6666666667
41.6666666667
25.0
15.0
0.0
0.0
6.0
0.0
11.7647058824
2.38095238095
25.0
21.4285714286
40.0
0.0
0.0
8.82352941176
20.5882352941
0.0
0.0
18.75
0.0
12.5
0.0
25.5555555556
0.0
21.4285714286
0.0
15.0
17.6470588235
25.0
13.8888888889
18.0
0.0
21.4285714286
0.0
23.3333333333
36.1111111111
16.6666666667
0.0
22.2222222222
10.0
0.0
0.0
17.8571428571
13.8888888889
25.0
0.0
50.0
0.0
0.0
41.3043478261
25.0
38.8888888889
25.0
16.6666666667
0.0
13.8888888889
9.52380952381
0.0
10.0
41.6666666667
0.0
0.0
30.7692307692
0.0
25.0
0.0
30.0
0.0
25.0
10.0
27.7777777778
20.0
0.0
0.0
11.5384615385
26.6666666667
0.0
12.5
10.0
28.5714285714
0.0
31.25
12.5
40.0
24.2424242424
34.2105263158
7.5
13.8888888889
0.0
5.71428571429
0.0
29.4117647059
0.0
27.7777777778
0.0
0.0
8.0
0.0
28.125
0.0
0.0
15.0
33.3333333333
0.0
0.0
8.33333333333
0.0
34.6153846154
2.17391304348
0.0
15.625
0.0
0.0
0.0
2.77777777778
23.6842105263
2.27272727273
26.6666666667
40.0
37.5
25.0
14.7058823529
33.3333333333
0.0
16.6666666667
0.0
0.0
70.0
18.75
25.0
13.6363636364
22.7272727273
0.0
0.0
25.0
2.27272727273
50.0
0.0
0.0
0.0
30.0
10.0
0.0
-50.0
18.75
30.0
37.5
13.6363636364
2.38095238095
0.0
6.52173913043
0.0
13.1578947368
0.0
0.0
27.7777777778
18.75
27.5
64.2857142857
42.8571428571
0.0
0.0
0.0
0.0
0.0
25.0
0.0
0.0
25.0
6.45161290323
0.0
8.82352941176
0.0
0.0
14.2857142857
0.0
25.0
0.0
12.5
-25.0
24.2647058824
10.0
14.2857142857
11.1111111111
18.1818181818
16.6666666667
0.0
11.1111111111
7.5
18.1818181818
3.125
0.0
0.0
-216.666666667
0.0
0.0
0.0
0.0
32.3529411765
0.0
35.2941176471
0.0
0.0
0.0
9.09090909091
0.0
0.0
3.125
0.0
0.0
33.3333333333
5.0
0.0
12.5
0.0
21.0526315789
22.2222222222
0.0
19.8795180723
9.25925925926
25.0
10.0
0.0
29.1666666667
26.9230769231
6.25
18.4210526316
28.125
50.0
31.8181818182
0.0
25.0
0.0
0.0
0.0
0.0
28.5714285714
11.1111111111
10.0
20.4545454545
18.1818181818
0.0
18.75
9.55882352941
0.0
25.0
0.0
15.3846153846
7.5
27.2727272727
22.5
16.6666666667
4.28571428571
18.75
0.0
37.5
26.9230769231
0.0
10.0
0.0
0.0
0.0
21.4285714286
20.0
30.0
16.6666666667
0.0
0.0
6.25
19.0476190476
0.0
33.3333333333
3.125
0.0
16.6666666667
0.0
6.81818181818
0.0
0.0
0.0
26.6666666667
0.0
4.7619047619
0.0
0.0
50.0
0.0
27.4193548387
2.17391304348
35.7142857143
35.7142857143
-16.6666666667
26.4705882353
0.0
27.2727272727
0.0
25.0
0.0
0.0
8.33333333333
6.25
3.57142857143
0.0
35.7142857143
10.0
0.0
22.5
11.7647058824
13.6363636364
0.0
0.0
0.0
23.5294117647
23.0769230769
0.0
12.5
15.0
0.0
16.6666666667
19.4444444444
4.16666666667
18.75
28.5714285714
13.6363636364
12.1212121212
0.0
16.6666666667
0.0
0.0
0.0
0.0
8.97435897436
15.3846153846
16.6666666667
31.8181818182
20.0
20.0
0.0
4.0
0.0
35.7142857143
19.2307692308
0.0
16.6666666667
21.4285714286
0.0
16.0714285714
0.0
23.3333333333
21.4285714286
12.5
0.0
0.0
0.0
25.0
0.0
0.0
0.0
20.0
20.5882352941
25.0
25.0
20.0
0.0
0.0
6.52173913043
0.0
0.0
42.8571428571
-50.0
0.0
0.0
10.7142857143
25.0
28.5714285714
14.2857142857
35.7142857143
50.0
1.5625
0.0
0.0
41.1764705882
0.0
5.35714285714
0.0
42.8571428571
10.0
33.3333333333
23.3333333333
22.2222222222
25.0
8.33333333333
11.1111111111
0.0
0.0
13.3333333333
9.52380952381
0.0
0.0
38.8888888889
16.3043478261
16.6666666667
2.38095238095
27.2727272727
0.0
25.9259259259
15.3846153846
8.33333333333
30.0
20.0
22.2222222222
0.0
12.5
37.5
12.5
0.0
0.0
0.0
25.0
38.2352941176
29.1666666667
0.0
12.5
3.57142857143
0.0
21.1656441718
13.6363636364
27.7777777778
5.0
19.4444444444
0.0
31.25
0.0
25.0
50.0
16.1290322581
21.875
13.6363636364
13.3333333333
3.125
20.8333333333
19.2307692308
25.0
16.6666666667
18.1818181818
0.0
0.0
0.0
0.0
3.57142857143
33.3333333333
28.0487804878
0.0
20.6896551724
6.66666666667
0.0
29.1666666667
9.52380952381
20.0
8.33333333333
0.0
6.66666666667
36.3636363636
5.55555555556
22.2222222222
29.4117647059
18.75
25.0
50.0
9.375
38.0952380952
0.0
8.62068965517
0.0
21.4285714286
0.0
10.0
0.0
0.0
0.0
34.7826086957
17.8571428571
9.375
30.4347826087
15.2173913043
0.0
25.0
0.0
25.0
0.0
20.0
13.3333333333
12.5
11.5384615385
27.9411764706
14.7058823529
15.0
8.33333333333
0.0
4.16666666667
16.6666666667
8.92857142857
3.33333333333
21.4285714286
2.17391304348
5.0
4.54545454545
0.0
18.75
0.0
13.3333333333
10.0
0.0
25.0
0.0
14.7058823529
0.0
0.0
10.0
0.0
19.2307692308
0.0
0.0
34.6153846154
0.0
0.0
0.0
0.0
36.1111111111
13.6363636364
16.6666666667
0.0
2.5
0.0
10.0
13.6363636364
27.2727272727
31.8181818182
7.69230769231
0.0
26.3157894737
25.0
0.0
15.0
33.3333333333
0.0
26.9230769231
35.0
14.5833333333
10.0
34.375
33.3333333333
0.0
8.33333333333
0.0
0.0
0.0
20.0
0.0
0.0
0.0
25.0
18.75
0.0
0.0
0.0
15.3846153846
8.82352941176
20.8333333333
0.0
20.5882352941
22.2222222222
0.0
0.0
18.75
10.0
26.9230769231
22.7272727273
10.0
22.7272727273
22.0
6.81818181818
0.0
11.5384615385
15.9090909091
0.0
34.6153846154
24.4680851064
0.0
0.0
8.33333333333
26.9230769231
-16.6666666667
0.0
0.0
9.375
7.5
0.0
8.82352941176
20.0
15.7894736842
25.0
3.94736842105
11.1111111111
22.2222222222
20.8333333333
14.2857142857
3.84615384615
15.0
17.8571428571
17.8571428571
39.1304347826
0.0
32.1428571429
0.0
0.0
22.2222222222
2.27272727273
1.78571428571
15.7894736842
16.6666666667
18.75
0.0
0.0
18.75
5.55555555556
0.0
24.3243243243
0.0
37.5
20.0
0.0
0.0
0.0
55.0
14.2857142857
50.0
0.0
6.52173913043
20.6896551724
7.40740740741
4.16666666667
0.0
0.0
22.2222222222
0.0
0.0
5.35714285714
28.5714285714
0.0
0.0
0.0
16.6666666667
6.25
0.0
0.0
13.0434782609
50.0
13.3333333333
0.0
0.0
0.0
20.8333333333
0.0
0.0
5.1724137931
0.0
7.89473684211
10.2040816327
0.0
0.0
28.5714285714
0.0
21.4285714286
45.4545454545
0.0
10.0
0.0
22.2222222222
32.1428571429
50.0
31.6666666667
0.0
32.1428571429
8.65384615385
40.0
0.0
-50.0
0.0
0.0
37.5
-50.0
6.81818181818
0.0
0.0
45.4545454545
30.0
0.0
0.0
17.8571428571
26.3157894737
0.0
0.0
30.0
0.0
0.0
13.6363636364
28.5714285714
0.0
25.0
0.0
0.0
0.0
37.5
18.75
6.89655172414
0.0
2.94117647059
4.41176470588
0.0
43.75
25.0
0.0
0.0
13.6363636364
16.6666666667
0.0
0.0
0.0
16.6666666667
9.61538461538
42.8571428571
0.0
0.0
50.0
33.3333333333
0.0
45.8333333333
14.2857142857
30.0
0.0
0.0
0.0
15.625
15.625
8.06451612903
12.5
7.89473684211
0.0
-50.0
0.0
0.0
0.0
8.69565217391
0.0
11.5384615385
50.0
0.0
0.0
15.0
37.5
35.1851851852
7.89473684211
33.3333333333
37.5
0.0
13.3333333333
0.0
16.6666666667
0.0
0.0
0.0
25.0
5.35714285714
0.0
15.3846153846
10.0
18.1818181818
16.6666666667
13.6363636364
0.0
39.2857142857
21.4285714286
0.0
26.3157894737
0.0
38.4615384615
4.34782608696
0.0
30.0
0.0
13.6363636364
0.0
6.0
0.0
0.0
5.0
18.75
20.5882352941
0.0
11.1111111111
0.0
11.5384615385
25.0
0.0
28.9473684211
0.0
35.7142857143
0.0
25.0
15.0
0.0
20.0
0.0
0.0
0.0
15.0
9.375
0.0
0.0
14.7058823529
16.6666666667
22.7272727273
18.75
37.5
31.8181818182
12.5
18.1818181818
2.94117647059
0.0
47.2222222222
0.0
44.1176470588
47.3684210526
9.375
0.0
31.8181818182
22.2222222222
30.0
0.0
0.0
26.9230769231
25.0
2.94117647059
10.0
0.0
40.0
0.0
2.85714285714
10.7142857143
35.7142857143
0.0
20.4545454545
7.69230769231
7.40740740741
30.0
30.0
11.3636363636
0.0
0.0
3.57142857143
0.0
0.0
27.7777777778
35.0
0.0
25.0
0.0
21.4285714286
0.0
7.69230769231
37.5
0.0
38.8888888889
16.6666666667
21.875
0.0
0.0
0.0
18.1818181818
0.0
34.6153846154
0.0
0.0
25.0
4.54545454545
10.5263157895
3.57142857143
10.0
3.22580645161
0.0
12.5
12.5
22.2222222222
14.2857142857
0.0
21.4285714286
11.1111111111
0.0
41.6666666667
0.0
10.5263157895
8.69565217391
19.3548387097
0.0
16.6666666667
0.0
0.0
0.0
0.0
21.4285714286
14.2857142857
10.0
30.0
0.0
43.75
0.0
0.0
33.3333333333
30.5555555556
21.4285714286
46.1538461538
0.0
0.0
14.2857142857
0.0
0.0
0.0
20.0
36.3636363636
0.0
20.0
5.55555555556
0.0
28.5714285714
25.0
36.3636363636
3.125
18.0
11.1111111111
11.1111111111
0.0
30.0
30.0
22.7272727273
37.5
24.3243243243
0.0
25.0
0.0
0.0
0.0
7.89473684211
29.3103448276
0.0
2.08333333333
0.0
31.25
25.0
25.0
62.5
50.0
0.0
0.0
25.0
10.4166666667
27.7777777778
6.52173913043
16.6666666667
12.5
6.61764705882
21.4285714286
37.5
18.75
20.8333333333
0.0
45.0
35.7142857143
0.0
0.0
20.0
36.8421052632
13.4615384615
22.9166666667
-70.0
0.0
1.47058823529
0.0
8.33333333333
0.0
23.5294117647
14.2857142857
0.0
38.8888888889
22.2222222222
0
0.0
0.0
41.8918918919
0.0
11.1111111111
0.0
0.0
22.2222222222
11.5384615385
0.0
18.75
1.72413793103
6.0
37.5
13.6363636364
7.69230769231
33.3333333333
0.0
7.57575757576
0.0
0.0
45.652173913
0.0
20.8333333333
14.2857142857
28.5714285714
50.0
0.0
0.0
28.5714285714
42.8571428571
24.2857142857
0.0
9.375
0.0
0.0
0.0
10.0
0.0
31.25
10.0
0.0
23.9130434783
16.6666666667
26.9230769231
30.0
7.89473684211
28.5714285714
35.7142857143
0.0
35.7142857143
9.32203389831
22.7272727273
0.0
10.6557377049
37.5
0.0
10.0
0.0
0.0
27.7777777778
12.5
50.0
25.0
0.0
12.5
25.0
25.0
35.2941176471
27.7777777778
0
0.0
22.2222222222
17.0731707317
0.0
16.6666666667
0.0
6.25
9.52380952381
0.0
33.3333333333
18.1818181818
3.84615384615
25.0
16.6666666667
50.0
0.0
17.6470588235
0.0
0.0
40.9090909091
21.4285714286
0.0
37.5
5.26315789474
21.4285714286
0.0
23.9130434783
13.6363636364
0.0
16.6666666667
0.0
0.0
0.0
0.0
7.5
36.1111111111
7.5
21.4285714286
0.0
2.5
27.2727272727
18.75
30.0
6.66666666667
0.0
14.2857142857
22.2222222222
0.0
0.0
0.0
20.0
6.66666666667
0.0
27.7777777778
0.0
0.0
36.25
15.0
0.0
0.0
0.0
12.0
6.81818181818
0.0
27.7777777778
10.5263157895
31.25
25.0
6.0
0.0
33.3333333333
20.8333333333
18.75
0.0
0.0
0.0
0.0
0.0
0.0
0.0
6.25
25.0
0.0
10.0
8.33333333333
0.0
23.3333333333
0.0
23.5294117647
18.75
30.7692307692
7.89473684211
35.3658536585
0.0
11.1111111111
35.7142857143
4.54545454545
28.125
7.60869565217
25.0
0.0
0.0
29.6296296296
16.6666666667
36.3636363636
0.0
16.6666666667
0.0
0.0
25.0
21.4285714286
45.0
10.5263157895
0.0
0.0
21.4285714286
10.7142857143
0.0
31.8181818182
14.2857142857
14.2857142857
46.1538461538
23.0769230769
0.0
0.0
0.0
2.63157894737
16.6666666667
0.0
0.0
36.3636363636
12.5
18.75
7.5
11.1111111111
18.75
20.0
0.0
-50.0
18.75
8.33333333333
2.5
4.54545454545
25.0
27.2727272727
25.0
0.0
0.0
30.0
32.5
0.0
9.375
0.0
12.5
0.0
0.0
0.0
15.0
3.84615384615
0.0
20.5882352941
42.3076923077
25.0
16.6666666667
0.0
0.0
30.2631578947
0.0
0.0
34.6153846154
0.0
0.0
31.5789473684
42.8571428571
0.0
0.0
0.0
0.0
13.6363636364
0.0
0.0
23.3333333333
0.0
50.0
0.0
0.0
10.7142857143
6.89655172414
16.6666666667
0.0
13.6363636364
0.0
0.0
40.0
25.0
26.9230769231
31.8181818182
0.0
21.4285714286
10.5263157895
22.2222222222
7.69230769231
37.5
5.0
4.54545454545
10.7142857143
33.3333333333
28.9473684211
0.0
30.0
0.0
25.0
35.0
0.0
0.0
13.6363636364
32.5
16.6666666667
14.2857142857
0.0
16.25
11.5384615385
27.2727272727
0.0
0.0
29.1666666667
25.0
0.0
7.14285714286
20.0
7.89473684211
25.0
11.5384615385
0.0
7.14285714286
8.82352941176
0.0
0.0
21.4285714286
21.4285714286
41.6666666667
0.0
0.0
27.7777777778
10.0
0.0
26.6666666667
17.6470588235
0.0
20.8333333333
7.14285714286
0.0
2.63157894737
8.33333333333
0.0
0.0
13.6363636364
1.78571428571
40.0
28.125
12.5
0
11.1111111111
23.9130434783
18.1818181818
33.3333333333
28.5714285714
24.2424242424
44.1176470588
8.33333333333
0.0
28.0
50.0
0.0
26.3157894737
26.3157894737
33.3333333333
0.0
40.0
0.0
0.0
0.0
31.25
0.0
20.0
0.0
0.0
10.4166666667
0.0
0.0
0.0
29.1666666667
0.0
7.69230769231
36.7647058824
10.0
25.0
13.6363636364
33.3333333333
0.0
19.2307692308
30.7692307692
5.35714285714
0.0
0.0
0.0
27.2727272727
50.0
-16.6666666667
0.0
37.5
27.7777777778
8.82352941176
0.0
0.0
16.6666666667
8.82352941176
0.0
50.0
0.0
0.0
45.8333333333
37.5
0.0
0.0
25.0
0.0
0.0
0.0
4.83870967742
31.25
37.5
11.1111111111
0.0
0
0.0
0.0
0.0
0.0
26.9230769231
0.0
21.4285714286
0.0
13.3333333333
9.09090909091
0.0
0.0
13.1578947368
0.0
8.82352941176
20.0
34.4827586207
30.0
23.3333333333
0.0
40.0
0.0
28.5714285714
10.0
0.0
18.75
33.3333333333
5.0
0.0
0.0
0.0
0.0
16.6666666667
7.14285714286
11.5384615385
2.77777777778
12.5
25.0
16.6666666667
11.7647058824
0.0
0.0
0.0
0.0
33.3333333333
0.0
14.2857142857
26.9230769231
20.0
7.40740740741
0.0
27.5
15.0
0.0
17.3913043478
0.0
32.8947368421
25.0
18.75
0.0
12.5
12.5
12.5
27.2727272727
40.9090909091
37.5
0.0
0.0
13.3333333333
37.5
16.6666666667
0.0
16.6666666667
0.0
0.0
32.1428571429
37.5
2.94117647059
33.3333333333
0.0
25.0
5.1724137931
0.0
18.1818181818
15.3846153846
21.4285714286
19.2307692308
30.0
11.6666666667
25.7575757576
25.0
0.0
0.0
33.3333333333
27.2727272727
28.5714285714
31.8181818182
26.7857142857
45.0
28.5714285714
0.0
0.0
50.0
0.0
0.0
7.40740740741
12.8205128205
0.0
0.0
6.25
41.6666666667
15.3846153846
20.8333333333
0.0
-50.0
0.0
25.0
0.0
0.0
0.0
30.0
45.4545454545
13.3333333333
0.0
36.3636363636
0.0
21.4285714286
28.5714285714
13.6363636364
50.0
30.9523809524
0.0
38.0952380952
4.16666666667
5.26315789474
30.7692307692
15.0
30.0
33.3333333333
30.6451612903
33.6206896552
13.6363636364
19.0476190476
0.0
0.0
12.5
8.0
-50.0
6.81818181818
50.0
0.0
22.2222222222
32.8125
30.0
0.0
20.8333333333
11.1111111111
20.0
42.3076923077
7.14285714286
0.0
0.0
10.7142857143
17.8571428571
0.0
27.7777777778
